0 1 2
0 1 3
4 1 2
4 1 3
4 1 5
6 1 5
6 1 7
8 9 10
8 11 12
8 13 14
8 1 2
8 1 7
8 1 15
16 11 17
16 1 5
18 19 20
21 22 20
21 1 7
23 1 7
23 24 3
25 1 5
26 1 3
26 1 7
26 24 3
26 13 27
26 13 28
26 11 29
26 1 15
26 30 31
26 22 20
26 1 2
32 33 34
32 33 35
32 33 36
32 33 17
32 33 37
32 33 38
32 33 39
32 33 40
32 33 41
32 33 29
32 33 42
32 33 43
32 33 44
32 33 45
32 33 46
32 33 47
32 33 12
32 33 48
32 33 49
32 33 50
32 33 51
52 1 5
53 54 55
56 1 15
56 1 57
58 13 28
58 9 10
58 1 3
58 13 59
58 1 15
58 1 7
58 1 5
60 1 2
60 1 7
60 1 3
60 1 5
60 13 28
60 13 27
60 24 3
61 1 3
62 1 2
63 1 7
63 1 5
63 1 15
63 9 10
63 13 64
65 13 27
66 24 3
66 1 3
66 13 67
66 1 2
66 13 64
68 13 69
68 24 70
71 1 5
71 11 36
71 22 72
71 1 15
71 13 14
71 24 3
71 13 28
71 13 73
74 11 51
74 1 7
74 24 3
74 1 3
74 1 2
75 1 7
75 13 64
75 1 2
75 22 76
77 1 5
77 1 15
77 13 64
78 24 3
78 13 64
78 1 15
78 22 76
78 13 69
78 1 3
79 80 81
82 83 84
82 22 76
82 11 45
82 1 2
82 13 85
82 1 3
86 1 3
86 1 7
86 1 15
86 9 10
86 83 84
86 83 87
88 1 2
88 83 84
88 1 7
89 11 42
89 1 5
89 83 84
89 90 91
89 13 14
89 9 10
89 1 15
89 1 7
89 83 92
93 1 2
93 1 7
93 13 94
93 11 12
93 9 10
93 90 91
95 24 3
95 13 67
95 96 87
95 22 76
95 1 2
95 1 5
95 1 7
95 9 10
97 1 3
97 90 91
97 1 5
97 9 10
97 24 3
98 99 49
100 1 101
102 1 3
102 13 14
102 1 15
102 83 87
102 13 103
102 83 92
104 1 15
105 1 3
105 90 91
105 90 106
105 1 7
105 9 10
105 13 107
105 1 2
105 83 92
105 1 15
105 13 108
105 11 37
105 13 27
105 13 28
105 83 84
109 24 3
109 83 84
109 1 15
109 90 91
109 96 110
109 1 7
109 9 10
111 1 5
112 1 2
112 22 76
112 13 64
112 83 87
112 96 110
112 83 84
112 1 3
113 11 51
113 1 5
113 1 7
113 1 3
113 90 106
113 24 3
114 24 3
114 1 5
114 1 15
114 90 110
114 9 10
114 1 7
114 13 14
114 13 73
114 83 92
114 13 64
114 11 45
114 90 115
116 1 2
116 90 110
116 1 5
116 83 92
116 90 117
116 13 28
116 83 84
116 1 7
116 90 115
116 83 87
116 13 118
116 90 106
116 22 76
116 90 119
116 1 3
120 1 121
122 1 15
122 96 110
122 1 3
122 1 7
122 24 3
122 13 27
122 9 10
123 1 15
123 22 124
123 83 92
123 1 2
123 1 7
123 11 12
123 1 3
125 11 50
125 96 119
125 1 7
125 24 3
125 83 84
125 1 2
126 1 15
126 24 3
126 83 87
126 83 84
127 83 92
127 24 3
127 1 3
127 96 110
127 9 10
128 1 5
128 90 84
128 90 91
128 9 10
128 90 92
128 90 106
128 1 2
128 90 87
129 1 2
129 1 7
129 11 45
129 96 119
129 83 87
129 24 3
129 9 10
130 11 34
130 9 10
130 1 3
130 22 131
130 22 76
130 24 3
130 83 92
132 1 2
132 1 7
132 11 50
132 1 5
132 9 10
133 1 5
133 90 117
133 83 84
133 1 2
133 90 110
133 13 64
133 83 87
133 1 3
133 11 49
133 13 28
133 83 92
133 90 134
133 22 76
133 1 7
133 90 115
135 1 2
135 13 69
136 1 3
136 1 5
136 13 69
137 1 3
137 13 73
137 90 119
137 83 84
137 22 76
137 1 2
137 1 5
137 90 115
137 90 91
137 13 14
137 13 64
137 1 7
137 96 110
137 1 15
138 11 45
138 24 3
138 90 110
138 1 5
138 90 117
138 13 73
138 1 7
138 90 119
138 1 15
138 9 10
138 90 91
138 83 84
138 13 139
138 1 2
140 9 10
141 24 3
141 1 3
142 96 106
142 1 5
142 96 134
143 9 10
143 1 2
143 1 7
144 11 45
144 1 2
144 90 117
144 1 7
144 22 76
144 1 3
144 83 92
144 1 15
144 9 10
144 83 84
144 24 3
144 90 91
144 13 118
144 13 145
146 1 7
146 1 5
146 13 118
146 13 64
146 13 107
146 1 2
146 24 3
146 11 147
146 1 15
146 83 87
146 90 148
146 9 10
146 22 76
146 1 3
146 83 92
149 90 87
149 96 110
149 13 69
149 90 84
149 90 115
149 1 5
149 1 7
149 13 64
149 83 84
149 1 3
149 90 91
149 1 2
149 83 92
150 9 10
150 96 84
150 96 87
150 1 3
150 1 7
150 13 69
150 11 45
151 13 103
151 1 2
151 22 124
151 24 3
152 1 3
152 83 92
152 24 3
152 83 87
153 1 15
153 90 115
153 96 119
153 90 154
153 9 10
153 83 84
153 13 69
153 1 3
153 1 7
153 22 20
153 1 5
153 13 28
153 90 117
155 83 92
155 24 3
155 96 110
155 1 5
155 1 2
155 11 45
155 1 3
155 9 10
156 83 84
156 90 115
156 90 117
156 90 106
156 11 38
156 13 64
156 1 5
156 96 110
156 90 91
156 83 87
156 22 76
156 90 154
156 90 119
156 1 2
156 1 15
157 1 5
158 1 15
158 1 2
159 9 10
159 13 27
159 24 3
160 1 2
161 9 10
161 24 3
162 1 5
162 22 94
162 1 7
162 24 3
162 13 94
162 1 101
162 13 163
162 13 28
164 1 7
165 13 27
166 1 7
167 22 124
168 1 169
168 1 2
170 1 15
170 83 84
170 24 3
170 1 7
170 90 115
170 11 51
170 83 92
170 90 106
170 13 73
171 1 15
171 11 44
171 22 76
171 1 2
172 24 3
172 1 2
172 11 173
172 83 87
172 83 84
174 90 91
174 90 115
174 1 2
174 13 67
174 90 175
174 1 5
174 1 7
174 96 110
174 13 64
174 90 154
174 90 87
174 90 84
174 83 92
174 24 3
176 11 45
176 1 7
176 9 10
177 1 2
178 13 73
178 22 76
178 24 3
178 9 10
178 13 28
178 1 2
178 96 92
178 1 3
179 11 45
179 83 92
179 83 87
179 90 91
179 13 73
179 90 180
179 9 10
179 83 84
179 1 15
179 13 181
179 24 3
179 1 7
182 1 5
182 1 101
183 22 76
183 24 3
183 13 28
183 1 2
183 11 147
183 1 5
184 1 3
184 90 106
184 90 117
184 1 15
184 90 91
184 11 51
185 96 175
185 1 15
185 90 115
185 9 10
185 1 5
185 1 2
186 1 5
186 96 119
186 83 92
186 96 110
186 24 3
187 1 2
188 1 5
189 9 10
189 1 2
189 83 92
189 90 91
189 90 117
189 1 7
189 11 51
189 83 84
190 13 64
190 1 7
191 1 2
192 13 28
193 1 2
194 96 175
194 90 91
194 1 15
194 90 117
194 11 51
194 83 84
194 1 5
194 83 87
195 1 2
195 1 7
195 1 3
195 1 5
195 13 69
195 24 3
195 83 92
195 11 51
196 13 197
196 1 5
196 11 40
196 83 87
196 30 198
196 24 3
196 1 3
196 9 10
196 1 2
196 13 139
196 13 199
200 1 15
200 1 3
201 24 3
202 1 15
203 1 7
203 1 3
204 1 5
204 1 2
204 11 36
205 9 10
206 1 15
207 9 10
208 13 28
208 1 2
209 1 7
210 1 3
211 1 7
211 13 64
212 24 213
214 13 69
215 1 7
216 1 121
217 13 139
218 22 124
218 1 5
219 1 5
220 24 213
221 1 2
221 1 3
222 11 45
223 1 15
224 1 5
225 9 10
225 1 7
226 22 76
226 1 3
226 1 2
227 24 3
228 1 121
228 99 229
230 1 2
230 13 231
230 22 232
230 13 28
230 1 5
230 1 70
230 1 7
230 1 101
230 24 3
230 11 45
230 9 10
230 1 3
230 1 15
233 1 121
234 1 235
236 1 57
236 1 70
236 19 76
236 1 101
237 1 5
237 24 238
237 1 238
239 13 240
239 9 10
239 11 50
239 1 5
239 1 7
239 1 3
239 22 76
239 24 3
239 30 240
239 1 15
241 1 5
242 80 243
244 1 15
245 80 81
246 24 247
248 1 2
248 1 213
249 54 55
249 1 7
250 1 15
251 1 213
252 1 7
253 80 243
253 1 247
254 1 7
254 255 256
257 80 243
258 80 243
258 1 5
259 255 260
261 1 5
262 1 2
263 1 15
264 1 235
264 1 121
264 1 7
264 265 266
267 1 5
267 1 247
267 80 243
267 54 55
267 1 7
267 1 213
268 1 15
269 80 243
270 24 238
270 19 76
270 1 5
271 24 247
271 255 272
273 1 7
273 24 3
273 13 139
273 9 10
273 30 103
273 13 103
273 30 198
273 1 2
274 80 243
274 24 213
274 1 15
274 255 243
274 1 5
274 1 2
275 1 247
276 80 243
277 1 7
278 54 55
278 1 247
279 1 2
280 1 213
280 80 81
280 1 2
280 80 243
280 1 5
280 24 213
281 1 7
281 1 5
281 282 283
281 1 121
284 1 121
284 285 45
284 1 286
284 265 266
284 1 7
284 1 235
284 1 287
284 99 45
288 1 7
288 1 121
288 265 266
288 99 12
288 1 289
290 24 247
290 54 55
290 1 2
291 255 243
291 1 247
292 1 2
293 1 286
293 1 287
293 285 294
293 265 266
293 99 49
293 295 53
293 1 7
293 1 296
293 1 121
293 1 235
297 265 266
297 1 121
297 1 235
297 99 36
298 19 76
298 1 238
298 1 70
299 1 70
299 300 14
299 19 76
299 300 301
299 24 238
299 1 2
299 1 238
302 1 7
302 1 2
302 1 303
304 99 45
305 1 7
305 265 266
305 99 306
305 1 121
305 1 235
305 1 287
305 1 286
307 1 7
308 1 235
308 1 121
309 9 310
309 1 2
309 311 76
309 1 5
312 1 2
312 1 5
313 1 314
313 9 315
313 1 7
316 1 7
316 19 76
316 24 238
316 1 238
317 1 2
318 22 319
320 1 2
320 1 7
321 9 10
321 1 7
322 13 67
322 13 323
322 13 139
322 11 51
322 1 5
322 30 324
322 24 3
322 30 118
322 1 15
322 9 10
325 1 7
326 285 327
328 1 7
328 329 283
330 19 76
330 1 2
331 1 15
331 13 163
331 1 7
331 9 10
331 1 5
331 1 3
331 11 45
331 13 198
331 13 139
332 1 7
332 1 303
332 333 334
335 24 3
335 13 118
335 1 5
335 13 145
335 13 199
335 1 15
335 30 40
335 83 92
335 30 336
335 13 27
335 1 3
335 13 73
335 13 139
335 1 7
335 83 84
335 22 336
335 11 40
335 9 10
337 1 15
337 300 145
338 24 238
339 1 2
339 30 340
339 13 340
339 13 27
339 11 37
339 1 341
339 13 118
339 1 5
339 13 28
339 1 7
339 1 3
339 9 10
339 30 118
342 24 70
342 1 5
342 54 55
343 1 238
344 1 15
345 1 15
345 300 301
345 1 346
347 1 2
347 1 5
347 1 15
348 1 3
348 9 349
348 1 2
348 13 28
348 13 163
348 22 20
350 1 2
350 30 118
350 13 351
350 1 3
350 22 76
350 30 352
350 1 5
350 13 352
350 1 341
350 13 353
350 1 15
350 24 3
354 11 355
354 83 92
354 1 101
354 1 5
354 83 84
354 9 356
354 11 357
354 13 28
354 24 70
354 1 15
358 1 341
358 1 2
358 30 28
358 24 3
358 22 76
358 1 3
358 13 340
358 13 118
358 13 145
358 1 7
359 1 238
360 9 310
360 1 15
360 361 362
360 1 7
363 1 70
363 1 101
363 300 340
364 1 15
365 1 7
365 9 356
366 367 45
366 1 169
366 1 15
366 22 76
366 1 3
368 22 369
368 11 370
368 24 371
372 22 76
372 1 5
372 1 2
372 30 373
372 13 27
372 30 357
372 13 59
372 13 373
372 13 139
372 1 3
372 9 10
372 30 198
372 1 15
372 13 103
372 24 3
372 13 14
372 1 341
372 1 289
372 1 101
374 1 7
374 1 375
374 99 12
374 265 266
374 1 121
376 377 5
376 377 15
378 1 2
378 1 7
378 377 7
379 30 198
379 11 36
379 1 289
379 83 92
379 30 72
379 30 118
379 11 380
379 13 381
379 24 70
379 13 118
379 1 15
379 1 3
379 1 382
379 9 356
379 1 7
379 1 5
379 383 384
379 83 84
379 83 87
379 13 103
379 13 28
379 1 70
379 13 139
379 22 76
379 22 72
379 30 36
379 1 2
379 1 101
379 1 341
379 13 385
386 1 2
387 265 266
387 1 287
387 99 37
387 388 389
387 1 286
387 1 375
387 285 389
387 1 7
387 1 390
387 1 235
387 1 391
387 1 121
392 1 382
392 1 5
393 1 15
393 311 76
394 1 5
394 1 169
394 361 67
394 1 15
395 13 118
395 24 396
395 90 110
395 1 5
395 1 382
395 90 117
395 90 134
395 30 118
395 9 349
395 22 76
395 1 2
395 83 92
395 1 101
395 90 115
395 13 28
395 90 154
395 13 59
395 90 91
395 83 84
395 1 3
395 1 341
395 1 7
395 1 396
397 1 238
397 300 301
397 1 5
397 300 385
398 1 121
398 1 391
398 99 229
398 1 390
399 13 27
399 1 341
399 1 15
399 13 73
399 11 37
399 1 3
399 24 3
399 1 2
399 13 28
399 13 353
399 11 400
399 9 10
399 22 232
401 24 238
402 11 37
402 9 10
402 30 403
402 1 101
402 1 3
402 13 28
402 11 45
402 1 7
402 1 5
402 30 20
402 22 20
404 1 391
404 1 375
404 1 390
404 285 405
404 99 45
404 265 266
406 300 197
406 19 76
407 13 139
407 13 103
407 22 76
407 1 2
407 13 28
408 1 2
409 1 101
409 13 14
409 11 45
409 1 341
409 9 310
409 24 169
409 1 169
410 1 7
410 1 15
410 22 76
410 24 169
410 1 101
411 1 7
411 13 64
411 24 3
412 1 5
413 1 2
413 22 76
413 1 5
413 1 15
413 1 3
413 13 198
413 1 382
413 24 3
413 9 10
413 30 362
414 24 238
414 19 76
415 22 76
415 1 7
416 9 10
416 13 85
416 1 15
416 1 3
416 1 7
416 11 36
417 1 341
417 1 2
417 361 198
417 9 310
417 361 103
417 24 169
417 1 5
417 1 101
417 311 76
418 1 2
418 30 28
418 83 92
418 13 381
418 11 306
418 1 101
418 22 419
418 1 15
418 22 76
418 30 420
418 83 84
418 1 7
418 13 28
418 13 103
418 1 5
418 9 10
418 1 341
418 11 421
422 367 45
423 1 7
423 13 198
423 13 28
423 1 3
423 30 198
423 1 15
423 11 45
423 30 14
423 1 2
423 13 14
423 24 3
423 22 76
424 1 5
424 11 50
424 1 7
424 9 10
424 24 3
424 83 92
425 96 134
425 1 2
425 9 10
425 22 76
425 1 3
425 96 91
425 1 5
425 13 69
425 96 110
426 9 310
427 83 92
427 1 5
427 13 340
427 13 85
427 1 7
427 13 28
427 83 84
427 11 428
427 83 87
429 1 341
429 1 3
429 83 87
429 1 5
429 13 73
429 24 3
429 13 27
429 30 420
429 83 92
429 1 7
429 83 84
429 1 15
429 11 40
429 30 336
429 13 139
430 1 341
430 1 5
430 1 7
430 1 3
430 1 15
430 9 10
430 30 85
430 1 2
430 11 45
430 13 85
431 1 57
432 1 5
432 1 15
432 1 346
433 13 434
433 13 27
433 13 118
433 1 5
433 13 28
433 1 15
433 30 199
433 1 7
433 1 3
433 13 73
433 30 435
433 13 199
433 9 10
433 24 3
433 30 40
433 30 436
433 22 336
433 83 84
433 30 420
433 11 40
437 311 76
437 24 169
438 24 3
438 1 3
438 96 119
438 83 84
438 1 5
438 1 7
438 11 40
438 9 10
439 1 15
439 24 238
440 22 76
440 13 28
440 11 36
440 13 14
440 11 50
440 24 3
440 13 59
440 9 10
441 22 76
441 1 382
441 1 15
441 1 7
441 1 5
442 361 443
442 361 14
442 1 7
442 367 50
442 1 5
442 1 169
444 13 28
444 13 108
444 96 110
444 1 15
444 9 10
444 1 7
444 1 5
444 96 119
444 24 3
445 1 3
445 1 15
445 1 341
445 30 28
445 22 76
445 9 10
445 1 2
445 13 28
446 19 76
446 1 70
446 1 346
446 300 340
446 1 2
446 1 238
447 1 2
447 1 5
448 1 289
448 285 327
448 1 449
450 1 5
451 1 2
451 90 91
451 9 356
451 1 70
451 1 341
451 30 85
451 22 76
451 1 101
451 13 118
451 24 70
451 1 3
451 1 5
451 13 85
451 13 353
451 1 15
451 13 340
451 1 7
452 311 336
452 1 101
452 1 2
452 361 28
453 1 2
454 96 119
454 1 15
454 13 118
454 24 3
454 1 2
454 96 134
454 1 5
454 83 84
454 11 40
455 1 2
455 30 198
455 1 15
455 13 381
455 24 3
455 1 5
455 30 436
455 30 357
455 22 76
455 13 27
455 30 420
455 13 139
455 1 341
455 11 357
455 30 373
456 13 14
456 24 3
456 1 15
456 1 2
456 13 353
457 1 7
457 13 381
457 13 69
457 1 2
457 13 458
457 24 3
457 11 45
457 30 69
457 22 76
459 30 14
459 30 460
459 22 76
459 1 3
459 311 76
459 9 310
459 1 5
459 1 169
459 24 169
459 367 45
459 1 7
459 11 45
461 13 28
461 1 15
461 24 3
461 11 12
461 83 87
461 1 2
461 1 7
462 1 70
462 1 5
462 9 356
462 24 70
462 11 40
462 83 84
462 83 92
462 1 2
463 13 28
463 30 464
463 83 87
463 1 3
463 30 12
463 1 15
463 1 2
463 9 10
463 1 341
463 83 92
463 30 420
463 83 84
463 383 384
463 1 7
463 1 101
463 1 70
463 11 12
463 24 3
463 1 5
465 13 28
465 1 2
465 1 3
465 1 7
465 11 50
465 1 382
465 24 3
466 1 235
466 1 390
466 265 266
466 1 391
466 1 375
467 1 5
468 1 2
469 367 49
469 1 15
469 1 5
469 311 76
469 22 76
469 13 14
469 1 7
469 13 231
470 1 390
470 1 7
470 1 471
470 1 287
470 99 45
470 265 266
470 1 121
472 30 420
472 22 473
472 13 73
472 83 92
472 1 341
472 1 15
472 1 70
472 1 5
472 13 14
472 13 59
472 9 356
472 11 474
475 30 28
475 1 341
475 13 28
475 1 101
475 1 15
475 1 5
475 1 2
475 13 59
475 90 91
475 11 45
475 1 7
475 1 3
475 22 76
476 24 3
476 1 15
476 1 2
476 1 7
476 1 3
477 1 5
477 22 76
477 1 7
477 1 15
477 11 50
477 1 3
477 1 2
477 24 3
477 13 14
478 30 118
478 13 351
478 1 341
478 22 76
478 1 121
478 13 118
478 13 340
478 1 371
478 24 3
478 1 5
478 1 3
478 30 351
478 11 49
478 1 7
478 13 28
478 9 10
478 1 2
479 30 436
479 30 198
479 11 357
479 30 357
479 1 341
479 30 373
479 1 2
479 13 373
479 1 15
479 30 480
479 1 3
479 1 5
481 11 357
481 1 2
481 1 5
482 9 356
482 1 3
482 24 70
482 22 76
482 1 70
482 1 5
482 13 139
482 13 118
482 13 145
482 1 15
482 11 45
482 13 103
482 1 2
482 1 382
483 1 2
483 1 303
484 1 15
484 83 92
484 83 84
484 30 420
484 30 464
484 1 7
484 83 87
484 11 370
484 1 5
484 1 70
484 96 119
484 13 381
484 1 341
484 24 3
484 30 17
484 30 436
484 30 369
485 1 2
485 300 301
486 487 49
486 487 488
486 1 15
486 1 2
486 1 7
489 24 3
489 1 5
489 1 7
489 1 3
489 9 10
489 1 2
489 13 353
489 22 76
489 1 341
489 13 14
489 11 45
490 1 382
491 1 390
491 1 391
491 99 45
491 1 286
491 265 266
491 1 235
491 1 471
491 1 287
491 1 375
492 1 346
492 1 57
493 13 94
493 13 163
493 1 3
493 13 362
493 22 94
493 1 7
494 1 2
495 96 110
495 83 87
495 24 3
495 1 289
495 9 10
495 1 7
495 11 40
496 1 5
496 1 15
497 367 147
497 24 169
498 383 499
498 22 76
498 1 15
498 1 341
498 9 10
498 11 45
498 1 3
498 1 5
498 13 198
500 13 85
500 11 45
500 1 3
500 9 10
500 22 76
500 1 15
500 13 145
500 24 3
500 30 197
501 96 119
501 83 92
501 13 28
501 1 2
501 96 110
501 1 70
501 1 15
501 96 134
502 1 391
502 1 390
502 99 45
502 24 287
502 1 7
502 1 121
502 1 287
502 1 235
502 265 266
502 1 375
503 300 301
503 1 7
504 1 7
505 90 84
505 1 3
505 1 7
505 1 5
505 83 92
505 1 341
505 30 69
505 22 76
505 1 15
506 1 5
507 24 508
507 1 375
507 1 287
507 265 266
507 1 471
507 1 390
507 285 509
507 1 7
507 1 235
507 1 121
507 99 45
510 1 7
511 1 7
511 1 5
511 24 346
512 361 197
512 1 2
512 367 428
512 9 310
513 1 7
513 1 2
514 1 7
514 13 14
514 1 5
515 24 3
515 1 371
516 30 14
516 24 70
516 1 341
516 1 70
516 13 14
516 1 5
516 1 15
516 13 340
516 9 356
516 1 3
516 22 76
516 13 85
516 30 85
516 1 346
516 22 72
517 1 247
518 54 55
519 1 121
520 1 5
520 255 521
520 1 7
520 24 247
520 80 243
520 1 15
522 1 2
523 1 346
523 1 2
523 1 7
524 1 15
524 24 70
524 1 5
524 1 7
524 1 70
524 11 40
525 11 45
525 1 2
525 13 353
525 13 94
525 13 362
525 22 94
526 265 266
526 1 508
526 1 286
526 1 7
526 99 40
526 1 375
526 24 508
526 1 391
526 1 390
526 1 235
527 9 10
527 13 362
527 13 64
527 13 94
527 1 5
528 99 48
528 1 287
528 265 266
528 1 7
528 1 390
528 1 121
528 529 530
528 1 375
528 90 531
528 1 391
528 1 471
532 24 3
532 13 28
532 1 15
532 1 2
532 9 10
533 24 3
533 11 34
533 1 2
533 13 28
534 1 390
534 1 391
534 1 7
534 1 375
534 265 266
534 99 37
534 1 235
534 1 121
534 1 289
535 367 45
535 1 7
535 1 2
536 1 2
536 13 69
537 22 76
537 24 3
537 1 382
537 1 7
537 13 118
537 9 10
537 13 163
537 11 50
537 1 371
538 1 341
538 1 3
538 1 371
538 13 163
538 9 10
538 13 103
538 1 7
538 24 3
539 1 3
539 22 473
539 1 15
539 24 3
539 9 10
540 1 5
540 9 10
540 1 3
540 1 371
540 1 101
540 1 2
540 367 45
540 13 28
540 11 45
540 30 464
540 22 76
540 30 28
540 1 15
541 1 287
541 1 391
541 1 235
541 90 542
541 1 121
541 90 531
541 1 390
541 90 543
541 1 7
544 22 94
544 24 3
544 1 7
544 1 5
544 13 163
545 1 2
546 13 14
546 24 3
546 13 547
546 1 382
546 1 2
546 13 163
546 13 435
546 22 76
546 1 5
548 255 521
548 1 15
548 1 5
549 1 550
549 388 327
549 1 235
551 1 303
551 1 552
551 1 15
551 1 5
551 1 2
551 1 7
553 1 238
553 24 346
553 19 76
553 9 554
555 1 238
555 1 15
555 1 57
556 1 3
556 22 76
556 13 118
556 1 15
556 13 107
556 13 59
556 9 10
556 13 28
556 1 5
556 1 2
556 1 101
556 11 45
556 30 107
556 11 37
556 24 3
556 1 7
557 9 10
557 13 27
557 1 15
557 30 420
557 83 84
557 22 558
557 1 3
557 24 3
557 83 92
557 96 119
557 96 175
557 30 558
559 1 375
559 1 121
559 265 266
559 1 391
559 96 542
559 96 543
559 1 390
559 1 235
559 99 45
560 80 243
561 1 562
561 285 563
561 99 45
561 1 235
564 311 31
564 361 28
565 96 110
565 13 73
565 13 28
565 1 7
565 1 15
565 1 3
565 22 558
565 96 134
565 83 92
565 90 115
565 90 117
565 1 5
565 90 87
565 90 106
565 13 27
565 90 91
565 83 87
566 1 5
566 1 3
566 13 59
566 1 7
566 83 92
566 11 12
566 9 10
567 1 7
567 1 15
567 1 341
567 11 45
567 30 85
567 22 76
567 1 3
568 1 5
568 30 37
568 11 37
568 30 20
568 13 27
568 30 85
568 30 436
568 1 2
568 30 420
569 99 51
569 1 121
569 265 266
569 1 391
569 96 543
569 1 570
569 1 390
569 1 375
569 1 508
571 1 5
572 19 76
572 1 7
572 1 15
572 300 301
572 1 238
572 1 346
573 24 3
573 9 10
573 11 51
574 1 346
574 1 2
574 24 238
575 1 5
576 265 266
576 1 121
576 96 542
576 96 543
576 99 229
576 1 390
576 285 283
576 1 375
576 1 391
576 1 7
576 90 531
576 90 577
576 1 235
578 99 45
578 24 508
578 1 7
578 529 530
578 285 563
578 1 508
578 96 543
578 1 375
578 1 121
578 1 471
579 1 7
579 22 76
579 1 3
579 1 2
580 311 76
580 1 169
580 1 15
581 11 29
581 90 148
581 1 5
581 90 91
581 90 119
581 13 28
581 90 134
581 1 15
581 83 84
581 90 106
581 90 154
581 90 582
581 1 3
581 90 110
581 9 10
581 13 381
581 90 117
581 1 7
583 24 3
583 13 197
583 1 2
583 1 3
584 1 5
584 1 15
584 13 14
584 1 341
584 24 70
584 9 356
584 383 499
585 13 14
585 1 341
585 383 499
585 1 382
585 1 5
585 1 15
585 24 3
585 30 14
586 1 7
586 9 356
586 1 70
586 300 197
586 19 76
587 1 57
588 54 55
588 1 5
589 1 101
589 9 310
589 1 3
590 367 51
591 1 5
592 367 45
592 361 67
592 1 15
592 367 51
592 1 2
593 11 45
593 1 2
593 1 7
593 1 15
593 1 3
594 99 37
595 1 341
595 30 464
595 13 385
595 1 7
595 24 3
595 13 28
595 30 28
595 1 15
595 11 45
595 13 458
596 19 76
597 1 15
597 1 2
598 13 28
598 24 3
598 1 7
598 11 45
598 1 3
599 1 3
599 30 436
599 96 134
599 30 600
599 30 464
599 30 601
599 30 40
599 1 15
599 24 70
599 30 199
599 90 175
599 1 5
599 1 2
599 90 91
599 22 601
599 1 70
599 13 381
602 83 87
602 24 3
602 30 198
602 13 28
602 1 7
602 1 2
602 22 124
602 1 3
602 1 5
602 30 420
602 83 92
602 30 362
602 13 139
602 1 15
602 9 10
603 22 76
603 1 562
603 13 59
603 1 2
603 13 118
603 13 353
603 1 5
604 24 169
604 1 5
605 13 73
605 11 45
605 22 76
605 1 2
605 9 10
605 24 3
606 1 7
607 99 36
607 311 72
607 1 15
607 361 108
608 1 5
609 1 5
609 1 2
609 22 76
609 1 3
609 1 15
609 24 3
610 1 7
610 1 3
610 22 76
610 9 10
611 13 28
611 13 163
611 1 5
611 1 7
611 24 3
611 13 64
612 383 499
612 9 10
612 1 5
612 22 76
612 1 341
612 1 15
612 24 3
612 13 353
612 11 45
612 13 73
612 1 7
612 13 14
612 13 28
612 1 2
613 1 2
613 9 10
613 22 76
613 11 45
613 13 94
613 13 28
613 13 163
614 1 5
614 1 70
614 9 356
614 11 45
614 13 64
614 13 163
615 1 57
616 83 92
616 22 20
616 13 28
616 11 36
616 9 10
616 1 15
616 22 76
616 83 84
616 24 3
616 11 50
616 1 101
616 22 369
616 1 2
616 11 37
616 13 14
617 13 14
617 1 70
617 1 5
617 1 2
617 1 15
617 9 356
618 1 15
618 1 5
618 22 419
618 24 3
618 13 28
618 30 464
618 13 27
618 1 7
618 30 419
618 1 341
618 1 2
618 11 51
618 1 3
618 1 101
618 9 10
619 30 37
619 13 27
619 1 70
619 13 28
619 1 101
619 22 20
619 1 341
619 9 10
619 1 7
619 30 464
619 30 600
619 24 3
619 30 20
619 1 3
619 1 5
620 1 3
620 9 10
620 96 110
620 1 15
620 13 118
620 13 27
620 1 5
620 24 3
620 96 134
620 1 7
621 83 84
621 1 5
621 13 27
621 13 28
621 83 87
621 1 3
621 24 3
621 22 558
621 96 134
622 13 139
622 1 5
622 1 2
623 13 435
623 30 40
623 1 15
623 83 87
623 83 84
623 83 92
623 22 336
623 30 420
623 30 336
623 30 600
623 1 7
623 1 3
623 13 27
623 13 28
623 1 341
623 1 5
623 24 3
623 30 199
624 22 76
624 24 3
624 9 10
624 1 2
625 11 49
625 13 352
625 1 2
625 1 3
625 13 351
625 1 7
625 30 352
625 30 340
625 22 76
625 30 118
625 24 3
626 22 76
626 9 10
626 1 3
626 1 15
627 1 5
627 1 7
627 13 28
627 22 232
627 1 341
627 24 3
627 30 232
627 1 15
628 1 2
628 11 12
628 30 600
628 1 341
628 30 124
628 83 87
628 13 28
628 30 464
628 30 436
628 1 5
628 1 15
628 30 420
629 9 10
629 1 3
629 24 3
629 30 464
629 1 7
629 30 37
629 13 28
629 1 2
629 13 27
629 30 420
629 11 37
629 22 20
629 1 5
629 1 15
630 9 10
630 13 28
630 1 15
630 13 73
630 1 3
630 24 3
630 383 499
630 30 107
630 1 2
631 13 118
631 30 118
631 1 15
631 13 28
631 13 85
631 9 10
631 22 76
631 30 198
631 11 45
631 24 3
631 1 7
631 11 50
631 1 3
631 1 2
632 24 3
632 1 5
632 30 420
632 13 198
632 30 373
632 13 480
632 30 306
632 9 10
632 13 27
632 30 633
632 30 436
632 1 3
634 1 15
634 1 3
634 1 341
634 1 2
634 13 14
634 1 5
635 1 289
635 1 7
635 13 118
635 30 28
635 13 636
635 24 3
635 11 49
637 30 600
637 1 15
637 13 28
637 11 638
637 90 582
637 1 341
637 83 92
637 90 115
637 83 84
637 1 7
637 30 118
637 90 148
637 30 420
637 1 2
637 24 3
637 1 3
637 90 91
637 30 436
637 22 232
637 90 154
637 11 639
637 13 340
637 90 117
637 83 87
637 22 76
637 30 464
637 1 5
640 1 341
640 24 3
640 1 15
640 22 76
640 9 10
641 1 5
641 30 464
641 1 7
641 1 3
641 30 28
641 9 10
641 24 3
641 1 289
642 9 10
642 1 7
642 13 85
642 1 5
642 1 3
642 11 147
642 13 118
642 1 2
643 30 436
643 22 20
643 13 381
643 11 12
643 11 37
643 24 371
643 13 28
643 1 15
643 30 37
643 1 7
643 83 84
643 1 371
643 30 600
643 30 420
643 1 341
644 9 10
644 1 2
644 30 28
644 1 7
644 13 28
645 13 118
645 13 198
645 1 341
645 1 15
645 13 59
645 383 499
645 1 3
645 30 198
645 13 28
645 1 5
645 13 139
646 13 28
646 11 45
646 1 15
646 1 2
646 1 5
646 1 3
646 1 341
647 1 2
647 383 499
647 1 7
647 1 15
647 30 464
647 1 341
647 9 10
647 13 28
647 22 76
648 1 7
648 13 27
648 11 147
648 13 28
648 1 5
648 24 3
648 1 3
648 1 15
648 13 353
648 1 2
648 1 341
648 30 420
648 22 76
648 13 14
648 30 14
649 11 45
649 13 352
649 1 3
649 1 5
649 30 352
649 13 118
649 9 10
649 30 118
650 9 10
650 1 341
650 30 118
650 11 49
650 13 351
650 30 340
650 1 15
650 1 7
651 22 76
651 1 289
651 1 15
651 30 198
651 11 45
651 1 2
651 13 28
651 1 5
651 13 118
651 13 139
651 24 3
652 13 59
652 13 107
652 30 420
652 30 436
652 1 7
652 1 341
652 30 464
652 30 20
652 13 118
652 22 20
652 11 37
652 24 3
652 1 2
652 30 37
652 9 10
652 1 15
653 1 2
653 1 5
653 13 480
653 1 3
653 30 480
653 30 198
653 1 341
653 22 76
653 13 118
654 1 15
654 11 45
654 1 3
654 24 3
654 1 2
654 9 10
655 30 118
655 1 2
655 1 3
655 13 118
655 1 15
655 383 499
655 30 352
655 13 352
656 13 69
656 13 181
656 1 2
656 1 5
656 1 3
656 22 76
657 1 3
657 11 50
658 1 101
658 1 15
659 265 266
659 1 7
659 1 390
659 90 542
659 1 391
659 1 235
659 1 286
659 1 375
659 90 543
659 90 577
659 99 45
659 1 660
659 1 570
659 90 661
659 1 121
662 19 76
662 1 2
663 13 28
663 83 87
663 9 10
663 13 27
663 13 118
663 22 336
663 1 15
663 24 3
663 83 84
663 30 336
663 13 434
663 30 600
663 1 5
663 83 92
663 1 2
663 30 40
663 1 7
663 1 3
663 30 420
663 30 436
664 24 3
664 1 2
664 83 84
664 13 69
664 96 119
664 9 10
665 1 3
665 83 92
665 24 3
665 11 43
666 1 7
666 1 2
666 11 306
666 1 15
667 361 69
668 9 10
668 1 5
669 1 5
669 1 2
669 1 101
669 1 15
669 24 70
670 24 169
671 1 3
671 30 420
671 30 232
671 13 118
671 9 10
671 1 15
671 30 436
671 83 92
671 13 85
671 30 46
671 1 2
671 11 46
671 24 3
671 1 7
671 1 5
672 1 15
672 9 10
672 11 45
672 1 2
672 13 28
673 282 674
673 265 266
673 1 296
673 675 76
673 90 180
676 24 3
677 11 45
677 9 10
677 1 7
678 1 7
678 24 70
678 22 232
678 1 15
678 11 46
678 13 69
678 13 64
679 9 10
679 1 5
679 1 3
679 1 70
679 13 28
679 11 43
679 22 680
679 83 92
681 90 134
681 1 2
681 90 119
681 90 148
681 24 3
681 90 115
681 90 175
681 90 91
681 1 3
681 13 64
681 90 106
681 9 10
681 1 5
681 90 154
681 90 582
682 1 3
682 1 2
683 13 684
683 1 5
683 9 10
683 1 2
683 1 3
683 24 3
683 1 7
685 9 10
686 13 381
686 1 2
687 24 3
687 1 7
687 1 3
688 1 15
688 13 28
688 11 689
688 1 7
688 1 2
688 1 3
688 13 27
688 1 5
690 24 169
690 1 169
690 367 474
690 1 15
690 9 310
690 361 28
690 30 420
690 30 473
690 311 473
691 1 5
691 9 10
691 30 20
691 1 3
691 1 7
691 1 70
691 1 15
691 1 2
692 24 3
693 1 5
694 19 76
694 300 301
694 1 57
694 300 340
694 1 5
694 1 238
695 1 238
696 300 352
696 1 238
696 487 340
697 1 57
698 1 238
698 300 340
698 19 76
699 487 340
699 1 15
699 1 5
700 1 7
700 24 238
700 487 701
702 487 40
702 1 238
703 487 704
703 1 2
705 1 238
705 1 5
706 1 7
706 1 5
707 1 5
708 11 45
709 1 5
710 1 238
710 300 197
711 329 403
711 1 121
711 1 15
712 24 238
712 1 5
712 1 238
712 487 488
712 300 352
713 300 301
714 1 238
714 24 238
715 1 2
716 300 352
716 1 5
717 487 85
718 1 7
719 24 238
719 300 85
720 1 238
721 487 722
723 1 2
724 1 57
725 1 238
726 24 238
727 487 728
729 1 2
729 1 238
729 24 238
730 24 238
731 24 238
731 1 57
732 1 2
733 1 15
734 1 7
735 1 7
735 24 238
736 1 2
737 300 301
737 300 340
737 1 5
738 1 15
739 1 238
739 1 57
739 1 2
740 487 45
740 1 5
741 487 45
742 1 2
742 1 57
743 1 238
744 487 45
745 300 197
746 1 2
746 11 400
746 22 232
746 13 28
747 22 76
747 11 45
747 24 3
747 1 5
748 1 396
748 13 434
748 90 84
748 22 558
748 90 91
748 90 110
748 9 356
748 1 15
748 13 435
748 83 84
748 90 87
748 90 119
748 90 92
748 11 40
748 83 92
748 30 420
748 30 600
748 30 199
748 1 7
748 1 2
748 24 70
748 90 582
748 30 436
748 30 40
748 83 87
749 96 542
749 99 45
749 1 7
749 265 266
749 96 543
749 1 286
749 1 121
750 1 101
750 1 751
750 1 2
750 9 10
752 1 7
752 1 3
752 13 85
752 83 92
752 24 3
752 1 2
752 1 15
752 1 5
752 13 118
752 13 722
752 22 124
752 1 341
752 30 85
752 11 12
752 9 10
753 1 15
753 1 346
753 1 7
754 83 84
754 13 434
754 30 336
754 13 14
754 1 101
754 30 199
754 13 59
754 83 87
754 13 28
754 1 7
754 1 15
754 1 70
754 13 435
754 30 755
754 1 341
754 1 2
754 1 3
754 30 756
754 30 40
754 30 436
754 11 40
754 9 356
754 1 5
757 1 7
758 1 7
759 1 2
760 1 7
761 1 15
761 11 37
761 1 3
761 13 14
761 24 3
762 1 15
762 24 169
762 1 5
762 1 101
762 1 2
763 300 301
764 1 7
764 11 51
765 90 661
765 99 45
765 1 390
765 1 7
765 90 577
765 90 542
765 96 543
765 1 286
765 1 121
765 265 266
765 1 375
765 1 391
765 90 531
765 1 235
766 13 14
766 11 45
766 9 10
766 13 108
766 1 3
767 1 314
767 22 76
767 1 7
767 13 108
767 13 14
768 11 45
768 13 69
768 11 49
768 9 10
769 300 301
769 1 238
770 1 238
771 90 661
771 1 287
771 1 235
771 90 542
771 1 390
771 1 7
771 1 121
771 265 266
771 1 375
771 1 391
771 90 531
771 96 543
772 1 7
772 1 390
772 96 542
772 90 577
772 96 543
772 96 531
772 529 530
772 1 375
772 99 45
772 1 287
772 1 121
772 1 235
772 1 471
772 1 286
772 90 661
772 1 391
773 9 315
773 1 289
774 377 7
775 13 199
775 1 15
775 13 103
775 11 40
775 24 3
775 1 289
775 13 139
775 13 27
775 1 7
775 13 28
775 1 2
776 1 346
777 1 15
777 1 3
777 9 10
777 13 14
777 1 5
777 22 336
777 83 92
777 83 84
777 1 7
777 96 119
778 11 779
778 13 28
778 1 5
778 9 10
778 11 36
778 1 2
778 30 464
778 22 72
778 13 27
778 1 7
778 1 341
778 30 28
778 1 15
780 1 5
781 99 45
782 1 101
782 487 352
782 300 301
782 1 5
782 300 85
782 24 238
783 1 7
783 1 101
783 22 784
783 1 15
783 1 2
783 1 5
785 9 315
785 1 5
785 11 45
785 1 7
785 1 314
785 24 314
785 13 14
785 13 163
785 13 353
785 13 64
786 311 76
786 1 5
787 24 3
788 1 7
788 11 789
788 13 197
788 11 45
790 1 7
790 1 5
791 96 543
791 1 7
791 1 471
791 90 661
791 529 530
791 1 390
791 285 40
791 792 143
791 1 286
791 1 391
791 1 375
791 96 542
791 99 40
791 24 508
791 90 577
793 22 419
793 1 3
793 383 384
793 24 3
793 1 7
793 90 91
794 11 50
794 1 3
794 24 3
795 1 5
795 1 303
795 329 45
795 1 15
796 1 7
796 797 674
796 24 3
796 9 10
796 1 15
796 1 5
796 22 76
796 30 50
796 13 139
796 1 2
796 13 103
796 13 28
798 1 15
798 300 301
798 1 70
799 361 59
799 1 101
799 1 2
799 361 28
799 311 76
800 367 37
800 367 36
800 311 124
800 367 12
800 1 15
800 367 49
800 24 169
800 311 784
800 1 5
800 311 20
800 361 443
800 1 169
800 311 76
801 1 2
801 1 169
802 1 3
802 803 804
802 11 45
802 1 7
802 1 5
802 13 103
802 1 341
802 1 15
802 1 2
802 22 76
802 797 805
802 1 70
802 1 382
802 24 70
806 9 10
806 22 76
806 13 94
806 13 28
806 30 50
806 1 371
806 22 94
806 13 73
806 13 118
806 1 3
806 1 5
806 1 7
806 13 353
807 1 7
808 30 680
808 13 163
808 9 10
808 30 464
808 1 341
808 30 420
808 1 2
808 30 436
808 1 7
808 1 5
808 30 600
808 1 101
808 1 3
808 24 3
808 30 118
808 13 28
808 22 680
808 13 59
808 13 139
808 30 43
809 810 45
809 329 45
811 1 169
811 361 385
811 9 310
812 1 121
812 529 813
812 1 390
812 1 391
814 24 3
814 1 15
814 13 69
814 1 2
814 1 3
815 11 37
815 13 69
816 11 12
816 11 37
816 83 84
816 1 5
816 13 14
816 9 10
816 22 124
816 1 3
816 1 2
817 1 2
817 30 232
817 1 101
817 83 92
817 22 232
817 1 15
817 30 420
817 11 818
817 1 3
817 1 5
817 24 3
817 1 7
817 11 400
817 13 28
817 30 600
817 83 84
817 9 10
819 1 169
819 1 15
819 1 7
819 311 76
819 1 3
819 11 45
819 13 85
820 80 81
820 24 247
820 255 260
821 1 121
821 1 375
821 1 390
821 1 235
821 90 577
821 90 661
821 1 7
821 96 543
821 1 471
821 99 49
821 1 287
821 265 266
821 96 531
821 529 813
821 1 391
821 529 530
821 1 570
821 1 508
821 96 542
821 529 822
823 1 15
823 1 3
824 11 12
824 30 436
824 1 15
824 1 5
824 1 2
824 30 600
824 9 356
824 22 124
824 30 420
824 11 37
824 30 124
824 13 28
824 83 92
824 1 101
824 1 7
824 83 87
824 1 341
825 300 85
826 13 231
826 1 15
826 13 14
826 9 10
826 1 2
827 30 464
827 24 3
827 11 45
827 1 7
827 13 28
827 22 232
827 1 15
827 1 3
827 1 2
828 311 76
829 9 10
829 11 36
829 24 3
830 19 76
830 1 101
831 22 20
831 30 420
831 13 69
831 30 403
831 1 5
831 1 2
831 1 3
831 30 69
831 24 3
832 19 76
832 1 15
832 1 238
833 30 28
833 1 341
833 1 7
833 22 76
833 13 434
833 30 464
833 1 15
833 383 499
833 13 28
833 24 3
834 1 289
834 90 531
834 1 391
834 90 661
834 24 570
834 529 530
834 96 543
834 1 121
834 90 542
834 1 570
834 90 577
834 1 375
834 1 835
836 1 2
836 1 7
836 13 837
838 1 15
838 24 3
838 13 64
839 9 10
839 13 94
839 1 7
839 1 15
839 1 2
840 1 15
840 367 474
840 24 169
841 1 3
841 30 28
841 1 15
841 1 7
841 13 59
841 13 28
841 1 289
841 30 464
842 1 2
842 9 10
842 1 382
842 1 5
842 13 14
842 11 45
842 1 7
843 1 5
843 24 371
843 1 3
843 1 15
843 1 7
844 1 15
844 11 45
844 1 341
844 1 5
845 11 44
845 1 7
845 24 3
846 1 7
846 1 169
846 1 15
847 1 570
847 529 822
847 529 813
847 96 542
847 265 266
847 96 531
847 1 390
847 1 471
847 1 391
847 1 375
847 96 543
847 24 570
847 529 530
847 1 121
848 1 15
848 1 382
848 30 118
848 13 28
848 13 118
848 383 499
848 1 5
848 9 10
848 1 3
848 1 341
848 13 59
848 1 2
848 22 76
849 22 76
849 13 181
849 13 850
849 11 45
849 11 50
849 11 37
849 30 69
849 1 7
849 90 91
849 13 69
849 24 3
849 1 15
849 1 5
849 13 684
849 1 341
851 1 7
851 1 2
851 1 15
852 1 3
853 1 3
853 13 181
853 22 20
853 1 7
853 13 108
853 1 15
853 30 108
853 1 101
853 22 76
853 1 371
853 11 45
853 24 70
853 13 197
853 1 2
853 9 356
853 1 70
854 1 121
854 1 570
854 1 390
854 96 543
854 529 822
854 1 286
854 265 266
854 1 508
854 99 40
854 96 531
854 1 391
854 529 813
854 1 835
855 1 169
856 24 238
856 1 57
857 11 380
857 1 5
857 30 600
857 30 756
857 1 858
857 1 341
857 13 381
857 13 385
857 1 3
857 30 36
857 13 28
857 30 436
857 9 356
857 1 70
857 30 464
857 22 72
857 859 701
857 1 2
857 24 70
860 83 87
860 11 12
860 1 3
860 13 118
860 30 351
860 11 46
860 30 85
860 22 124
860 1 7
860 83 92
860 13 28
860 9 10
860 13 85
860 1 341
860 24 3
860 11 380
860 11 45
861 1 5
861 13 103
861 9 10
861 22 419
861 1 3
862 83 87
862 11 40
862 13 14
863 361 28
863 367 45
863 1 2
863 96 864
863 1 15
863 1 169
865 13 14
865 1 7
865 24 3
866 13 837
867 24 238
868 1 2
869 1 2
870 1 5
870 1 871
870 13 64
872 1 15
873 22 232
874 1 15
875 1 15
876 22 232
876 1 3
876 1 15
877 22 232
878 1 3
879 24 238
880 1 550
880 1 7
881 13 59
881 1 2
881 1 7
881 13 14
881 13 163
881 22 76
881 1 382
882 11 45
882 30 362
882 24 3
882 13 362
882 1 314
882 13 28
882 1 15
882 9 10
882 13 198
882 1 3
882 803 804
882 1 382
882 30 198
882 22 76
882 30 464
882 1 341
882 1 2
882 13 108
883 1 7
884 1 375
884 90 542
884 1 287
884 1 835
884 1 390
884 1 570
884 1 391
884 1 885
884 1 121
884 1 886
884 1 550
884 90 661
884 90 577
884 529 813
884 1 887
884 1 235
884 90 531
884 99 45
884 1 888
889 24 3
889 1 15
889 9 10
889 1 2
889 13 85
889 1 5
889 1 341
889 1 382
889 1 3
889 11 50
890 1 5
890 30 464
890 83 84
890 1 3
890 1 101
890 9 10
890 1 371
890 1 341
890 1 70
890 22 76
890 11 45
890 13 28
890 13 353
890 83 92
890 1 15
890 383 499
890 83 87
890 30 600
890 24 3
890 1 7
890 30 37
890 11 37
890 30 420
890 1 382
890 30 891
890 30 28
892 24 238
893 96 543
893 1 471
893 1 391
893 1 287
893 1 121
893 265 266
893 529 530
893 1 7
893 1 390
893 1 235
894 1 3
895 1 5
896 1 289
896 1 101
897 9 10
897 11 45
897 22 76
897 1 15
897 13 73
897 1 341
898 9 10
898 13 73
898 1 2
898 22 76
898 1 341
898 13 107
898 1 7
898 1 5
898 24 3
898 11 45
899 13 85
899 11 45
899 24 3
899 1 2
899 1 3
899 13 118
899 1 341
899 13 145
899 383 499
899 30 351
899 1 7
899 1 15
899 22 76
899 797 674
900 11 45
900 30 901
900 13 59
900 1 15
900 1 382
900 24 3
900 13 28
900 1 3
900 1 5
900 30 902
903 1 2
903 1 15
904 13 73
904 30 636
904 22 76
904 1 341
904 1 3
904 13 636
904 9 315
904 30 905
904 11 45
904 1 371
904 13 108
904 30 28
906 1 314
906 1 3
906 1 15
906 24 314
906 1 7
906 13 73
907 1 7
908 1 2
908 1 5
909 24 3
909 11 45
909 13 14
909 13 94
909 1 7
909 1 15
909 1 5
910 1 3
911 30 891
911 22 76
911 13 14
911 1 2
911 1 7
911 30 14
911 11 45
912 9 10
912 1 2
912 1 5
912 1 15
912 22 20
912 11 37
913 22 76
913 1 3
913 24 3
913 11 45
913 30 362
913 1 5
913 9 10
913 1 341
914 9 10
914 1 5
914 13 59
914 13 118
914 11 789
914 1 2
914 11 38
914 22 915
916 11 45
916 30 901
916 13 197
916 13 73
916 1 7
916 24 3
916 1 341
916 30 905
916 22 76
916 9 10
916 1 101
916 1 15
916 1 5
916 1 371
917 24 3
917 1 7
917 1 5
918 1 871
918 1 5
918 1 2
919 24 3
919 13 73
919 83 92
919 1 5
919 11 40
919 1 2
920 1 5
920 1 2
921 1 57
922 9 923
922 1 471
922 1 235
922 529 813
922 1 375
922 99 36
922 388 924
922 1 391
922 1 7
922 1 287
922 1 390
922 1 887
922 529 530
922 96 543
922 529 822
922 99 49
922 265 266
922 1 570
925 1 7
926 1 5
927 24 169
927 361 928
929 30 118
929 9 310
929 1 341
929 1 169
930 1 7
930 361 145
930 1 15
930 1 169
930 311 419
930 1 289
930 1 5
930 24 169
930 367 51
931 9 310
931 1 341
931 1 7
931 311 20
931 1 2
931 1 5
931 367 45
931 1 15
931 311 76
931 1 169
932 9 310
933 1 15
933 13 181
934 367 45
935 1 121
936 24 169
937 300 197
937 19 76
938 1 2
938 311 76
938 9 310
938 1 169
938 1 15
938 1 5
938 361 14
939 1 2
939 13 69
939 13 458
939 1 3
939 22 76
939 1 7
940 13 145
940 30 436
940 30 324
940 13 85
940 11 51
940 1 3
940 1 15
940 1 2
940 1 341
940 30 51
940 13 139
940 30 85
940 13 324
940 30 420
940 1 5
940 24 3
940 30 419
941 1 2
941 24 3
941 1 3
941 13 103
941 13 362
942 1 7
942 1 5
943 1 7
943 13 14
943 24 3
943 22 76
943 1 5
943 30 944
943 1 341
943 13 59
943 11 45
943 1 3
943 30 14
943 30 118
943 13 103
945 1 5
945 9 10
945 311 76
945 1 2
945 30 946
945 1 3
945 13 946
945 30 28
945 1 341
945 30 464
945 1 15
945 11 45
945 1 371
945 367 45
945 13 28
947 13 434
947 1 7
947 13 435
947 22 76
947 1 15
948 13 27
948 13 28
948 9 10
948 30 436
948 11 51
948 1 15
948 1 5
948 1 3
948 1 2
948 13 324
948 949 950
948 22 419
948 30 464
948 24 3
948 30 600
951 1 3
952 83 92
953 11 45
953 1 2
953 22 76
953 1 3
953 24 3
953 1 15
954 1 5
954 11 45
954 1 3
954 13 197
954 1 2
954 24 3
954 13 198
954 1 7
954 30 955
954 13 139
954 11 49
954 13 145
954 13 118
954 30 198
956 1 7
956 96 180
956 957 958
956 1 2
959 1 2
959 13 28
959 24 3
959 11 380
960 367 50
960 361 28
961 11 962
961 11 963
961 11 964
965 24 169
965 1 169
965 1 15
966 1 2
966 9 10
966 1 15
967 9 10
968 11 12
968 1 5
968 1 3
968 1 2
968 83 92
968 22 124
969 1 3
970 1 871
970 1 5
971 9 10
972 1 5
972 1 396
973 1 235
973 529 530
973 96 542
973 96 661
973 1 390
973 96 543
973 1 7
973 1 121
974 96 134
974 83 87
974 24 3
974 13 118
974 13 85
974 83 92
974 9 10
974 1 5
974 1 15
975 24 3
975 30 14
975 1 15
975 30 756
975 1 7
975 1 5
976 22 76
976 1 5
976 24 3
976 13 28
976 1 7
977 30 420
977 30 955
977 1 7
977 30 198
977 30 118
977 13 373
977 9 10
977 1 341
977 30 357
977 13 139
977 13 27
977 30 633
977 30 978
977 1 15
977 1 3
977 22 978
977 30 464
977 1 101
977 11 357
977 1 2
977 22 633
977 30 944
977 30 373
977 13 198
977 13 118
977 13 979
980 9 10
980 13 103
980 1 2
980 13 64
980 24 3
980 11 45
980 1 341
980 22 76
981 13 435
981 13 434
981 90 148
981 13 73
981 1 101
981 11 45
981 24 3
981 1 5
981 83 84
981 90 154
981 1 3
981 90 134
981 22 76
981 83 92
981 90 119
981 90 982
981 90 110
981 797 327
981 30 464
981 1 2
981 83 87
981 30 435
981 9 10
981 1 7
983 1 101
983 1 70
983 30 37
983 1 871
983 30 436
983 1 3
983 22 20
983 1 15
983 1 5
983 24 70
983 30 600
983 1 7
983 13 28
983 30 20
983 30 420
983 9 356
984 1 835
984 1 570
984 90 542
984 675 76
984 24 886
984 1 985
984 1 121
984 1 886
984 90 531
984 1 550
984 1 7
984 1 235
984 1 391
984 1 375
984 99 45
984 90 577
984 1 287
984 90 543
984 90 661
984 1 286
984 986 491
984 265 266
984 1 390
984 1 888
984 1 887
987 1 5
987 361 28
988 9 10
988 13 64
989 1 238
989 1 7
989 300 59
989 19 76
990 9 10
990 30 420
990 13 73
990 13 27
990 13 340
990 13 118
990 1 341
990 13 28
990 30 464
990 1 5
990 24 3
990 83 87
990 11 474
990 30 436
990 1 289
990 22 473
990 83 84
990 83 92
990 30 600
991 1 169
992 367 45
992 1 7
993 1 382
993 13 14
993 30 901
993 13 994
993 1 7
993 1 314
993 30 905
993 1 2
993 1 3
993 22 20
993 1 341
993 1 5
993 24 314
993 90 106
993 22 76
993 1 15
993 9 315
993 30 756
993 11 50
995 1 5
995 13 108
995 22 76
995 30 996
995 1 341
995 24 3
995 1 7
995 1 3
995 1 2
995 13 67
995 13 103
995 9 10
995 1 15
995 803 997
995 30 197
998 1 121
998 96 543
998 96 661
998 96 542
998 96 531
998 90 577
998 1 391
998 1 7
998 1 375
999 24 3
999 9 10
999 11 36
999 13 73
999 13 118
999 22 72
999 1 3
1000 1 238
1001 13 14
1001 1 15
1002 1 2
1002 83 982
1002 83 92
1002 1 15
1002 22 76
1002 24 3
1002 1 858
1002 1 5
1002 13 14
1002 11 38
1002 13 181
1002 11 42
1002 1 7
1003 1 2
1004 1 5
1004 1 7
1004 30 1005
1004 11 45
1004 1 341
1004 1 3
1006 96 531
1006 96 542
1006 96 543
1006 96 661
1006 1 7
1006 1 121
1006 1 375
1006 24 885
1007 9 356
1007 1 3
1007 90 87
1007 13 27
1007 1 2
1007 1 5
1007 83 92
1007 30 1008
1007 1 15
1007 90 84
1007 30 436
1007 24 70
1007 30 420
1007 30 464
1007 13 139
1007 30 198
1007 30 473
1007 30 474
1007 13 28
1007 30 600
1007 1 101
1007 11 474
1007 1 70
1009 13 139
1009 1 341
1009 11 1010
1009 13 353
1009 22 76
1009 1 7
1009 1 3
1009 13 28
1009 22 232
1009 30 198
1009 30 103
1009 13 103
1009 383 499
1011 1 471
1011 1 7
1011 96 543
1011 1 391
1011 1 289
1011 265 266
1011 99 37
1011 1 390
1011 1 121
1011 1 375
1012 1 2
1013 1 101
1013 1 5
1013 13 994
1013 11 45
1013 1 7
1013 22 76
1013 30 905
1013 30 14
1013 1 3
1013 1 382
1013 1 2
1013 30 756
1013 13 14
1013 24 3
1014 367 45
1014 1 7
1014 361 443
1014 361 198
1014 1 169
1014 361 103
1014 1 15
1014 24 169
1014 1 5
1014 1 2
1014 361 1015
1016 13 435
1016 1 5
1016 11 45
1016 13 163
1016 13 28
1017 361 14
1017 361 1015
1017 367 45
1018 1 121
1018 96 543
1018 96 531
1018 1 375
1018 96 542
1018 1 235
1018 96 661
1018 1 7
1018 1 391
1018 1 287
1018 265 266
1019 1 5
1020 1 390
1020 96 543
1020 1 235
1020 1 289
1020 96 542
1020 1 391
1020 99 45
1020 1 375
1020 96 531
1021 83 87
1021 22 978
1021 11 306
1021 83 92
1021 1 2
1022 1 5
1022 83 92
1022 11 40
1022 83 87
1022 13 27
1022 13 28
1023 1 15
1023 11 45
1023 9 10
1023 1 3
1023 1 7
1023 1 341
1023 13 14
1023 1 2
1024 1 15
1024 367 49
1024 9 10
1024 13 435
1024 1 169
1024 13 64
1024 311 76
1024 13 67
1024 361 67
1025 13 108
1025 22 76
1025 1 2
1025 1 7
1025 13 67
1025 311 76
1025 1 3
1025 1 15
1025 11 49
1026 1 235
1026 1 289
1026 99 45
1027 96 531
1027 96 661
1027 1 471
1027 96 543
1027 1 390
1027 1 375
1027 96 542
1028 13 103
1028 1 5
1028 11 147
1028 1 2
1029 1 303
1029 1 2
1029 1 7
1029 1 5
1030 90 119
1030 1 751
1030 30 20
1030 9 10
1030 11 37
1030 90 154
1030 30 420
1030 90 117
1030 30 37
1030 90 110
1030 30 1031
1030 30 436
1030 1 70
1030 30 69
1030 83 87
1030 13 27
1030 90 91
1030 1 7
1030 83 84
1030 1 871
1030 90 582
1030 90 115
1030 22 76
1030 90 148
1030 1 2
1030 1 15
1030 1 5
1032 24 169
1032 1 15
1032 361 28
1032 1 2
1033 90 577
1033 1 390
1033 1 7
1033 96 543
1033 1 375
1033 1 391
1034 1 3
1034 1 5
1034 1 15
1034 13 28
1035 22 76
1035 1 7
1035 803 1036
1035 13 59
1035 9 10
1035 24 3
1037 1 2
1037 1 3
1037 1 15
1037 11 40
1037 13 139
1037 22 601
1037 9 10
1037 1 7
1038 96 661
1038 1 287
1038 1 391
1038 24 287
1038 90 577
1038 1 7
1038 1 390
1038 96 543
1038 96 531
1038 265 266
1039 9 356
1039 22 419
1039 1 15
1040 11 45
1040 24 3
1040 13 362
1041 24 3
1041 1 15
1042 1 5
1042 1 7
1043 1 7
1044 1 57
1045 1 341
1045 22 20
1045 383 499
1045 13 118
1045 1 3
1045 11 45
1045 1 2
1045 1 5
1045 13 59
1045 9 10
1045 13 28
1045 22 124
1045 30 1046
1045 1 7
1045 1 15
1045 24 3
1045 30 944
1045 22 76
1047 83 84
1047 1 3
1047 1 5
1047 13 28
1047 96 110
1048 1 2
1048 1 5
1049 1 7
1050 1 5
1050 1 3
1051 1 15
1051 9 10
1051 13 435
1051 1 3
1052 24 835
1052 1 375
1052 1 835
1052 1 7
1052 265 266
1053 1 5
1053 13 69
1054 24 238
1055 1 2
1055 9 10
1055 1 15
1055 13 28
1056 1 5
1056 24 3
1056 9 10
1056 1 3
1056 96 134
1056 13 28
1056 11 45
1056 1 2
1057 83 87
1057 83 84
1057 13 69
1057 9 10
1057 11 45
1057 22 76
1057 1 7
1058 1 5
1058 1 7
1058 83 87
1058 9 10
1058 1 3
1059 1 2
1060 1 5
1060 1 15
1061 83 87
1061 13 27
1061 22 558
1061 1 5
1061 11 40
1062 22 76
1062 24 3
1062 1 5
1062 90 175
1062 9 10
1063 90 91
1063 24 3
1063 1 2
1063 22 76
1063 13 85
1063 90 106
1063 9 10
1063 1 5
1063 1 15
1064 1 15
1065 1 15
1065 957 327
1066 80 243
1067 1 5
1067 1 169
1067 96 864
1068 24 70
1069 13 28
1069 13 73
1069 1 5
1069 22 72
1070 96 119
1070 1 5
1070 83 92
1070 24 3
1070 83 84
1071 1 3
1071 90 148
1071 1 2
1071 22 1072
1071 90 110
1071 1 7
1071 83 84
1071 11 789
1071 83 87
1071 96 175
1071 1 15
1071 24 3
1071 90 115
1071 90 117
1071 83 92
1073 96 92
1073 1 5
1073 24 3
1073 96 87
1073 1 2
1073 13 64
1074 11 40
1074 1 2
1074 11 45
1074 90 134
1074 1 7
1074 1 15
1074 1 3
1074 83 87
1074 83 92
1074 22 76
1074 24 3
1075 13 108
1075 90 106
1075 13 64
1075 83 84
1075 83 87
1075 90 91
1075 1 2
1075 13 28
1075 90 119
1075 83 92
1075 90 115
1075 22 20
1075 22 76
1075 90 117
1075 90 134
1075 1 5
1075 90 154
1076 83 84
1076 22 76
1076 1 7
1076 13 64
1076 1 2
1076 11 45
1076 83 87
1076 9 10
1076 1 3
1076 24 3
1076 83 92
1077 1 247
1078 90 91
1078 1 3
1078 1 7
1078 90 175
1078 22 94
1078 9 10
1078 90 115
1078 90 106
1079 1 3
1079 1 5
1079 22 76
1079 13 69
1080 11 40
1080 96 91
1080 24 70
1080 1 5
1080 96 119
1081 1 1082
1081 1 5
1083 24 169
1084 1 70
1084 1 15
1085 1 15
1085 1 2
1086 1 57
1087 90 106
1087 83 84
1087 83 92
1087 1 7
1087 13 14
1087 1 15
1087 90 117
1087 96 110
1087 9 10
1087 13 64
1087 22 419
1087 90 154
1087 1 3
1088 1 70
1089 90 115
1089 90 106
1089 1 2
1089 22 76
1089 1 3
1089 90 91
1089 1 7
1089 9 10
1089 83 92
1089 1 15
1089 90 92
1089 24 3
1090 13 28
1090 1 7
1090 24 3
1090 22 76
1091 1 5
1091 9 10
1091 90 175
1091 1 3
1091 90 119
1091 1 2
1091 22 232
1091 11 400
1091 83 87
1091 90 117
1091 90 110
1091 1 15
1091 24 3
1092 487 45
1092 300 902
1092 1 15
1093 90 117
1093 90 1094
1093 83 84
1093 90 175
1093 13 28
1093 24 3
1093 1 7
1093 1 5
1093 90 148
1093 22 76
1093 90 106
1093 90 154
1093 90 982
1093 90 115
1093 90 119
1093 9 10
1093 90 110
1093 1 2
1093 11 45
1093 90 134
1093 1 289
1095 13 547
1095 1 7
1095 1 371
1095 9 10
1095 11 50
1095 13 73
1096 13 362
1096 1 3
1096 9 10
1096 1 2
1097 11 45
1097 1 2
1098 1 5
1098 24 3
1098 1 3
1098 1 7
1098 22 76
1099 13 28
1099 1 7
1099 1 2
1099 22 76
1099 1 289
1100 9 10
1100 24 3
1100 1 15
1101 1 2
1101 1 3
1101 1 7
1101 24 3
1102 11 45
1102 13 64
1103 1 2
1104 11 36
1105 1 7
1106 1 235
1106 24 235
1106 1 391
1106 1 375
1107 255 256
1108 1 287
1108 24 508
1108 1 570
1108 1 508
1108 96 542
1108 1 390
1108 529 822
1108 265 266
1108 96 531
1108 1 885
1108 96 543
1108 1 375
1108 90 661
1108 1 1109
1108 1 121
1108 90 577
1108 1 391
1108 99 45
1108 1 7
1110 13 28
1111 13 28
1111 1 3
1112 96 110
1112 96 117
1112 1 15
1112 9 10
1112 1 3
1112 1 7
1113 90 531
1113 1 1114
1113 1 7
1113 1 375
1113 90 661
1113 265 266
1113 1 391
1113 1 235
1113 1 121
1113 90 542
1113 1 287
1113 99 50
1113 90 577
1113 1 390
1113 285 283
1115 367 357
1115 1 7
1115 1 5
1116 13 139
1116 9 10
1116 1 7
1116 13 28
1116 24 3
1116 1 5
1116 83 92
1117 30 600
1117 24 3
1117 30 436
1117 1 341
1117 13 14
1117 1 3
1117 11 35
1117 30 464
1117 1 7
1117 1 2
1117 13 1118
1117 30 420
1117 13 59
1117 1 858
1119 1 15
1119 1 5
1119 30 118
1119 13 435
1119 11 40
1119 30 336
1119 1 341
1119 13 199
1119 30 199
1119 30 436
1119 30 40
1119 1 3
1119 30 420
1119 1 7
1119 83 87
1119 22 336
1119 83 84
1120 99 400
1120 96 543
1120 90 531
1120 1 471
1120 9 923
1120 1 7
1120 529 822
1120 1 375
1120 90 661
1120 1 121
1120 1 391
1120 529 813
1120 90 542
1120 24 508
1121 1 3
1121 1 371
1121 1 382
1121 1 5
1121 1 7
1121 24 3
1122 96 1123
1122 96 134
1122 83 92
1122 83 87
1122 1 5
1122 96 110
1122 1 7
1122 9 10
1122 96 119
1124 1 2
1124 1 5
1124 13 64
1125 1 3
1125 1 5
1125 24 3
1125 22 76
1126 13 64
1126 1 3
1127 1 5
1127 30 464
1127 1 7
1127 1 2
1127 9 10
1127 1 341
1127 22 76
1128 90 154
1128 24 3
1128 83 92
1128 1 5
1128 1 15
1128 13 69
1128 90 115
1128 90 117
1128 1 858
1128 1 7
1128 90 91
1128 83 84
1128 9 10
1128 90 148
1128 1 3
1129 1 2
1129 13 340
1129 24 70
1129 1 101
1129 1 70
1129 1 15
1130 1 15
1130 83 84
1130 11 40
1130 9 10
1130 83 87
1131 13 197
1131 90 106
1131 13 14
1131 83 87
1131 83 84
1131 1 3
1131 22 601
1131 83 92
1131 24 70
1131 9 356
1132 1 7
1132 13 139
1132 24 3
1132 22 76
1132 9 10
1132 1 15
1132 13 108
1133 24 3
1133 1 3
1134 367 45
1135 11 45
1135 1 5
1135 22 76
1135 13 198
1135 1 3
1135 1 2
1135 9 315
1135 1 341
1135 1 314
1135 30 636
1136 24 3
1136 1 15
1136 22 1072
1137 1 5
1137 13 435
1137 24 3
1138 22 76
1138 1 15
1138 11 45
1138 1 2
1139 300 85
1139 9 554
1139 19 76
1139 1 57
1140 13 28
1140 22 76
1140 361 28
1140 9 10
1140 24 3
1141 1 57
1141 300 85
1141 300 197
1141 1 2
1141 1 15
1141 24 346
1142 22 76
1142 13 28
1142 9 10
1142 1 3
1143 13 636
1143 13 197
1143 1 7
1143 22 76
1143 1 3
1143 1 5
1143 24 3
1144 13 139
1144 13 14
1144 1 3
1144 1 15
1144 9 10
1144 13 103
1144 24 3
1144 11 45
1145 11 37
1145 1 371
1145 1 3
1145 83 84
1145 24 3
1145 83 92
1145 13 28
1145 1 2
1145 22 20
1145 13 118
1146 1 5
1146 1 15
1147 1 121
1148 24 238
1149 1 7
1149 1 2
1150 1 3
1150 1 5
1151 9 10
1151 13 14
1151 1 2
1151 797 1152
1151 1 341
1151 11 45
1151 1 7
1151 1 15
1151 1 5
1151 24 3
1151 1 3
1151 1 101
1151 13 73
1151 30 905
1151 13 994
1151 30 14
1151 13 28
1153 13 362
1153 1 5
1153 30 198
1153 1 2
1153 24 3
1153 13 139
1153 13 59
1153 30 901
1153 13 28
1153 1 7
1153 9 10
1153 1 341
1153 13 103
1153 22 76
1154 1 213
1154 24 213
1154 1 7
1155 1 751
1155 1 5
1156 529 822
1156 529 813
1156 90 531
1156 1 391
1156 529 530
1156 96 543
1156 1 375
1156 99 147
1156 265 266
1156 1 508
1156 1 390
1156 1 570
1156 24 508
1156 285 1157
1158 24 3
1158 1 15
1158 1 5
1158 83 92
1158 83 87
1158 9 10
1158 11 12
1159 96 542
1159 96 661
1159 1 7
1159 96 531
1159 96 543
1159 265 1160
1159 1 375
1161 13 64
1161 11 45
1161 1 2
1161 1 751
1162 1 751
1162 90 175
1162 1 289
1162 1 2
1162 90 134
1162 1 15
1162 1 70
1162 1 3
1162 90 117
1162 9 356
1162 13 28
1162 90 87
1162 1 101
1162 24 70
1162 90 92
1162 11 474
1162 90 106
1162 83 87
1163 1 15
1163 13 64
1164 1 169
1164 1 101
1164 367 45
1165 1 5
1165 24 3
1166 22 76
1166 24 3
1166 1 2
1167 1 3
1167 13 64
1167 22 76
1167 24 3
1167 1 5
1168 1 15
1168 13 181
1168 13 107
1168 24 3
1169 22 72
1169 1 3
1170 11 45
1170 30 636
1170 22 76
1170 1 2
1170 13 28
1170 1 3
1170 1 15
1170 13 636
1171 24 3
1171 1 5
1171 9 10
1171 1 7
1171 1 2
1172 1 2
1172 367 45
1172 1 5
1172 361 103
1172 361 198
1172 1 15
1173 13 181
1173 30 996
1173 24 3
1173 9 10
1173 11 45
1173 1 7
1173 1 15
