659 1 286
853 13 108
1080 1 5
578 285 563
916 1 101
493 1 3
918 1 871
418 11 306
477 1 15
863 367 45
890 1 371
959 13 28
594 99 37
824 22 124
589 1 101
566 13 59
331 1 5
618 1 15
379 30 118
149 13 69
940 24 3
882 11 45
1143 1 3
889 1 15
290 24 247
642 1 3
534 1 390
536 1 2
783 1 101
423 1 7
149 90 87
1057 22 76
909 1 5
454 83 84
284 99 45
1023 1 7
557 24 3
1099 1 7
1080 24 70
841 30 464
854 1 390
625 13 351
1112 96 110
156 90 119
276 80 243
806 13 73
916 1 5
931 311 20
945 1 15
581 13 381
1166 1 2
556 1 3
556 9 10
363 1 101
26 30 31
896 1 289
187 1 2
494 1 2
360 1 15
330 19 76
457 1 2
476 1 2
1056 1 3
537 9 10
952 83 92
63 9 10
910 1 3
663 30 600
195 83 92
1018 96 531
440 22 76
149 1 5
634 1 15
274 80 243
347 1 2
914 11 38
447 1 2
482 24 70
144 24 3
331 1 7
977 30 420
116 1 2
1116 83 92
619 1 3
89 83 92
489 1 341
455 13 27
496 1 5
959 24 3
595 30 464
6 1 7
1139 1 57
133 13 64
998 1 7
824 1 7
817 83 92
1169 1 3
540 22 76
681 1 2
727 487 728
501 96 134
462 83 84
372 13 27
345 1 15
444 24 3
954 13 139
823 1 15
185 90 115
1117 13 14
619 24 3
293 99 49
1077 1 247
635 30 28
623 1 5
418 22 76
433 13 28
943 30 14
144 13 145
350 30 352
685 9 10
152 83 92
463 1 341
331 11 45
783 1 7
218 22 124
857 30 464
440 13 59
775 13 103
1132 13 108
1079 22 76
609 22 76
882 24 3
1014 1 7
179 9 10
771 1 375
782 1 101
407 13 139
485 1 2
640 1 341
881 13 163
342 1 5
599 30 464
503 300 301
330 1 2
102 1 15
672 11 45
158 1 2
857 11 380
537 22 76
899 383 499
427 13 28
576 96 543
1037 9 10
897 13 73
930 1 15
433 1 7
1120 1 471
690 311 473
1045 11 45
1156 1 508
916 1 371
762 24 169
706 1 7
748 83 92
940 1 2
437 311 76
1013 13 994
580 1 169
130 1 3
438 9 10
194 83 84
372 1 15
1045 30 1046
162 1 7
890 13 353
1113 99 50
993 1 3
481 1 2
457 30 69
567 1 7
457 13 458
954 1 2
853 22 76
977 30 955
1168 13 107
898 13 73
520 1 7
643 30 436
423 30 198
293 1 7
557 13 27
572 1 7
651 24 3
1007 13 28
102 83 87
539 22 473
1006 1 121
842 1 5
1018 96 661
951 1 3
138 90 110
1115 367 357
1025 1 15
974 96 134
399 13 28
565 1 5
469 22 76
510 1 7
482 1 5
133 1 7
578 1 121
379 1 5
316 1 7
1071 90 148
1071 90 110
1153 1 5
762 1 2
631 11 45
1027 1 390
379 13 28
553 1 238
1004 1 7
465 13 28
455 1 2
811 361 385
418 1 7
122 1 7
1013 13 14
331 13 163
742 1 57
183 13 28
556 1 7
395 1 341
1153 30 901
605 9 10
1162 90 175
32 33 42
89 9 10
1030 1 871
573 24 3
1073 13 64
1089 90 106
1171 1 7
144 90 117
637 1 7
423 1 2
556 13 59
379 30 72
882 13 362
663 1 7
973 96 543
746 22 232
1170 13 636
1145 1 371
442 361 14
149 96 110
764 11 51
683 1 3
1153 13 362
981 90 982
853 1 70
851 1 2
417 361 198
1145 1 2
137 1 15
791 24 508
816 1 5
953 11 45
671 1 7
821 90 577
629 1 3
826 9 10
889 1 5
465 11 50
679 1 3
484 11 370
943 1 7
899 13 145
1093 90 175
322 11 51
489 1 2
109 1 15
775 24 3
821 265 266
267 80 243
990 24 3
663 30 336
839 13 94
350 1 5
890 30 600
1124 1 2
23 24 3
777 1 7
418 11 421
578 1 471
630 1 2
433 24 3
298 19 76
645 383 499
1167 1 5
754 30 40
1119 1 5
609 1 2
984 1 7
116 1 3
1167 24 3
796 1 5
149 83 84
603 1 562
791 96 543
395 1 3
983 1 15
129 96 119
796 13 28
302 1 7
144 13 118
556 24 3
794 1 3
156 90 106
1170 11 45
656 1 2
748 90 91
977 30 978
890 24 3
698 1 238
778 1 2
402 30 20
427 1 7
1013 1 2
1078 90 91
478 11 49
183 1 5
178 13 28
1153 13 103
144 22 76
793 22 419
893 529 530
195 13 69
777 83 92
1071 83 84
954 1 7
358 1 2
643 11 37
627 24 3
416 1 15
637 30 436
609 24 3
840 24 169
454 96 119
138 1 5
757 1 7
652 30 420
657 1 3
418 1 5
305 1 286
1063 1 5
331 9 10
1004 1 341
168 1 2
984 90 531
454 24 3
1116 1 5
833 1 341
1145 13 118
706 1 5
785 11 45
598 13 28
1119 83 87
519 1 121
433 13 73
97 1 3
472 13 14
132 9 10
387 1 391
257 80 243
1129 13 340
592 1 15
204 1 2
984 675 76
493 13 163
350 22 76
281 1 121
890 9 10
1009 13 353
824 1 5
1132 13 139
1045 30 944
95 13 67
746 13 28
354 83 92
372 30 198
748 90 119
620 9 10
448 1 289
772 1 7
1113 1 235
621 22 558
977 13 139
196 9 10
395 1 5
785 13 163
427 83 84
155 1 3
1030 30 1031
1078 90 115
993 13 994
1113 1 121
658 1 101
271 24 247
1120 90 542
354 24 70
567 30 85
771 1 121
399 22 232
366 1 3
659 1 390
372 1 101
312 1 2
898 1 7
619 30 37
339 13 27
151 1 2
138 9 10
772 96 543
162 13 28
387 1 121
977 13 373
619 30 600
861 9 10
1143 13 636
239 1 3
652 13 59
463 1 70
559 96 542
459 1 3
379 22 72
331 13 198
940 13 145
984 90 542
1091 1 3
322 13 323
424 11 50
484 1 15
444 13 108
802 22 76
621 13 28
717 487 85
977 1 7
884 529 813
105 1 2
155 9 10
463 9 10
541 1 121
625 1 3
922 529 530
526 24 508
565 13 73
1172 367 45
1144 1 3
264 265 266
465 1 7
418 13 103
528 1 375
834 90 531
738 1 15
882 1 382
491 1 375
82 1 3
1131 83 92
1006 96 543
863 96 864
463 1 5
1151 13 28
948 1 5
417 1 2
569 96 543
766 11 45
1102 11 45
1002 1 2
112 13 64
1006 24 885
189 83 84
447 1 5
977 22 633
1073 1 2
1071 1 15
922 1 7
337 300 145
1112 1 3
1092 300 902
541 1 391
457 24 3
1151 1 15
664 24 3
581 90 134
105 90 106
975 30 756
766 9 10
1062 1 5
984 265 266
752 11 12
651 1 289
977 13 27
906 1 314
790 1 7
623 1 341
1158 1 5
156 90 115
1017 367 45
1151 797 1152
109 83 84
581 90 148
652 11 37
919 13 73
190 1 7
1056 24 3
856 1 57
665 11 43
893 1 7
802 1 15
984 99 45
1159 265 1160
26 1 7
498 9 10
1101 1 2
1075 90 119
1018 96 543
1117 1 858
631 1 15
559 96 543
557 1 15
239 22 76
628 30 436
696 1 238
1066 80 243
990 13 27
1006 1 375
1047 13 28
690 9 310
616 1 2
399 1 2
637 1 15
748 13 435
32 33 34
851 1 15
553 19 76
1027 96 543
990 11 474
754 1 70
1045 1 15
433 1 5
335 83 84
977 30 944
500 11 45
645 1 341
1128 24 3
1020 1 390
788 11 45
1091 83 87
1093 11 45
1138 1 15
484 13 381
681 90 91
899 11 45
688 13 27
812 1 391
1002 22 76
774 377 7
461 1 7
977 13 979
775 13 139
906 13 73
1014 1 5
961 11 963
688 1 5
995 30 197
931 367 45
1113 90 542
1035 9 10
156 1 2
1030 83 87
687 1 3
195 11 51
688 1 2
659 1 375
193 1 2
623 83 87
1113 265 266
516 30 14
528 90 531
650 30 118
567 11 45
1034 13 28
854 1 286
693 1 5
681 90 119
433 30 436
643 13 381
1030 30 436
623 13 435
983 22 20
943 13 103
60 13 28
861 13 103
973 96 661
938 1 169
688 1 7
846 1 7
637 90 117
348 1 2
890 30 37
1071 1 3
848 22 76
749 96 543
484 30 420
556 13 28
1045 13 118
697 1 57
418 1 15
839 1 15
968 1 3
679 1 5
1069 1 5
643 1 341
896 1 101
754 13 28
976 1 7
374 1 121
1016 13 435
339 1 2
339 9 10
1108 24 508
890 1 101
186 24 3
1108 90 661
507 1 471
1074 11 45
239 1 7
927 361 928
922 1 287
171 22 76
637 90 91
58 9 10
1038 265 266
900 1 382
557 96 175
812 1 390
665 24 3
1055 1 15
637 83 92
853 9 356
648 1 2
663 13 27
627 13 28
491 1 390
172 83 84
556 11 45
1172 1 5
326 285 327
1116 9 10
785 13 14
138 1 15
457 13 69
174 96 110
463 1 15
739 1 57
616 11 50
821 90 661
821 529 813
479 1 2
673 675 76
363 300 340
379 13 103
236 1 57
174 90 91
1056 1 5
943 1 3
442 1 169
1029 1 2
515 24 3
105 13 27
1040 13 362
874 1 15
395 9 349
1164 1 169
429 13 73
1125 22 76
1071 90 115
808 24 3
170 90 106
1089 9 10
599 30 40
656 1 5
1119 30 336
968 22 124
1045 1 3
555 1 15
1132 1 7
612 24 3
848 30 118
472 1 5
854 1 835
1067 1 5
123 1 15
1156 265 266
290 54 55
425 96 110
948 22 419
765 1 235
1073 96 87
1120 90 531
632 30 633
572 19 76
1045 22 20
694 19 76
1089 1 3
451 1 3
280 80 81
904 30 636
1011 1 471
845 11 44
849 13 181
194 90 117
778 30 464
541 1 390
648 22 76
612 13 14
645 13 198
678 22 232
128 90 91
1023 1 3
116 13 28
491 1 471
372 9 10
539 9 10
1153 30 198
848 13 28
771 90 531
218 1 5
133 13 28
290 1 2
528 1 471
628 13 28
445 30 28
348 1 3
425 13 69
489 1 7
456 13 14
897 1 15
623 13 28
438 24 3
472 1 70
834 1 121
981 1 2
883 1 7
912 22 20
376 377 5
525 1 2
179 13 73
848 13 59
189 90 117
144 9 10
925 1 7
791 1 471
433 30 435
857 13 28
320 1 2
646 1 341
860 1 341
8 13 14
625 30 118
669 1 15
179 83 87
138 1 7
806 13 353
890 11 45
881 22 76
230 1 3
526 1 390
731 1 57
904 1 3
619 1 5
602 1 2
527 9 10
62 1 2
648 30 420
931 1 15
847 24 570
411 1 7
607 1 15
565 90 87
1085 1 15
802 1 70
360 1 7
459 30 14
102 1 3
843 1 5
379 30 198
350 1 2
74 1 3
1069 13 28
459 11 45
162 22 94
239 9 10
565 1 3
196 13 139
637 90 115
654 11 45
1113 1 1114
1035 803 1036
237 24 238
248 1 213
454 96 134
495 11 40
423 24 3
1127 30 464
1089 90 115
476 24 3
765 99 45
248 1 2
782 24 238
612 1 5
663 22 336
893 265 266
990 83 84
328 329 283
1075 1 2
284 1 287
452 1 2
652 9 10
900 11 45
269 80 243
576 1 375
78 1 15
113 1 3
527 13 362
922 1 390
980 13 103
1112 1 7
948 11 51
842 13 14
838 13 64
740 1 5
133 22 76
664 1 2
228 99 229
478 13 351
441 1 5
484 83 92
984 1 886
537 13 163
137 1 5
646 1 15
440 11 50
863 1 15
863 361 28
322 1 5
477 22 76
409 1 169
1161 1 751
288 265 266
130 22 76
1057 83 87
146 13 118
1078 9 10
457 13 381
977 22 978
1173 30 996
239 24 3
929 1 169
1075 83 84
579 22 76
225 1 7
806 30 50
378 1 7
1113 90 531
210 1 3
970 1 871
358 22 76
280 1 5
1045 1 2
748 30 436
430 1 3
122 1 15
372 24 3
956 96 180
149 1 2
868 1 2
477 1 5
544 24 3
32 33 49
907 1 7
802 1 2
621 24 3
849 11 45
659 1 7
620 1 15
1011 1 289
940 30 420
0 1 3
637 24 3
711 1 15
847 96 543
133 83 87
305 1 7
178 96 92
156 1 5
313 9 315
664 13 69
584 13 14
144 90 91
1075 13 108
1136 24 3
1173 13 181
900 30 902
525 13 362
1058 1 7
1055 9 10
581 1 3
1073 1 5
690 30 420
737 300 340
427 83 92
284 265 266
451 1 70
472 13 73
1138 22 76
526 265 266
429 1 3
993 1 2
796 13 139
802 13 103
634 1 3
1087 13 64
1030 1 7
1074 90 134
1038 1 7
843 1 15
918 1 5
379 383 384
1156 529 813
1108 90 577
748 1 396
138 1 2
1024 1 15
241 1 5
974 83 92
372 13 14
1156 1 375
1016 1 5
402 1 5
772 1 235
533 13 28
940 1 3
881 13 14
899 1 3
900 1 3
109 1 7
379 83 84
292 1 2
1116 13 139
484 30 17
1030 30 37
609 1 5
167 22 124
461 11 12
683 9 10
1159 96 531
1075 13 28
767 22 76
945 13 28
1002 24 3
498 1 341
1136 1 15
637 1 2
541 1 287
66 1 3
754 13 435
451 9 356
1024 311 76
999 1 3
930 311 419
827 22 232
656 22 76
566 11 12
137 13 64
372 1 2
880 1 550
602 22 124
655 1 3
1028 1 2
451 24 70
1057 13 69
461 24 3
1145 83 92
1074 24 3
808 9 10
732 1 2
548 1 5
1155 1 751
893 96 543
1162 83 87
557 22 558
995 1 2
230 13 28
416 9 10
842 1 382
752 1 5
1061 22 558
777 1 15
665 83 92
116 90 110
513 1 2
998 96 543
806 1 7
616 83 92
1018 1 375
546 1 2
129 11 45
433 1 15
691 9 10
1030 13 27
616 1 101
1007 1 5
171 1 15
195 1 2
947 13 435
602 30 198
748 30 40
174 1 5
643 30 600
1093 90 982
747 22 76
293 1 121
1071 22 1072
748 9 356
125 83 84
1006 96 661
354 1 15
446 1 2
1158 11 12
438 11 40
230 13 231
159 24 3
539 24 3
541 1 235
565 13 27
1120 1 391
968 83 92
1135 1 2
273 30 198
335 22 336
839 1 7
821 1 390
32 33 45
137 90 91
156 90 154
1076 9 10
288 1 7
1007 30 473
397 1 238
137 1 7
1002 1 7
991 1 169
750 9 10
358 13 340
379 13 118
735 24 238
1108 1 508
433 9 10
906 1 15
937 19 76
174 90 175
1126 1 3
834 529 530
584 1 5
677 9 10
1108 96 531
620 1 7
688 13 28
1156 529 530
857 1 70
387 1 287
761 1 3
1151 30 905
141 24 3
984 1 121
653 1 2
599 1 15
768 9 10
1108 1 287
568 30 37
297 99 36
605 22 76
422 367 45
196 1 5
990 83 87
904 30 905
1075 90 134
438 1 3
983 1 5
785 13 353
976 24 3
1040 11 45
379 1 15
778 9 10
128 90 106
663 30 420
1029 1 303
1007 13 139
849 13 684
174 83 92
990 13 118
777 1 5
1090 24 3
939 22 76
516 13 340
845 24 3
884 90 542
585 1 15
629 1 7
619 1 70
651 1 15
114 90 115
196 13 199
607 99 36
967 9 10
417 361 103
836 1 2
995 13 103
568 30 85
678 11 46
785 24 314
146 13 107
999 24 3
114 13 73
1033 1 7
146 1 15
913 1 5
270 24 238
1127 1 5
583 1 3
339 13 28
746 1 2
354 83 84
309 1 2
906 1 3
412 1 5
604 1 5
1009 30 103
815 13 69
116 83 84
440 11 36
553 24 346
479 30 198
128 1 2
565 22 558
919 11 40
961 11 962
953 22 76
623 83 84
922 9 923
1117 1 7
771 1 390
847 1 391
651 1 5
26 1 15
364 1 15
274 1 15
726 24 238
831 1 2
748 13 434
95 24 3
974 1 5
1032 1 2
495 1 7
444 13 28
644 30 28
981 11 45
1151 1 3
943 13 59
66 13 67
593 1 15
1003 1 2
95 9 10
1012 1 2
943 30 944
114 11 45
847 1 570
824 83 87
653 1 5
1014 1 15
748 30 600
759 1 2
1056 11 45
109 96 110
981 1 101
775 13 28
1007 9 356
82 1 2
833 383 499
881 1 2
712 300 352
122 13 27
1120 9 923
637 11 638
768 11 45
1020 96 543
387 265 266
699 487 340
752 1 15
658 1 15
149 90 115
945 1 5
455 24 3
926 1 5
538 24 3
796 22 76
608 1 5
975 1 5
469 311 76
482 1 70
613 13 94
906 1 7
1030 1 70
523 1 7
586 1 7
817 30 232
441 22 76
687 24 3
387 1 375
1128 90 148
1051 1 3
1085 1 2
538 13 103
899 24 3
1134 367 45
1162 1 101
808 30 680
1037 1 2
833 30 28
128 1 5
1145 11 37
1093 90 115
688 1 15
1101 1 7
624 22 76
354 1 5
1122 1 5
88 83 84
773 1 289
975 30 14
442 1 7
617 1 2
1133 1 3
477 1 2
278 1 247
559 1 391
1024 13 435
599 30 436
747 1 5
1055 13 28
854 96 531
165 13 27
773 9 315
1033 96 543
1119 1 15
778 22 72
981 13 73
637 30 420
156 83 84
824 9 356
1063 1 15
659 265 266
1011 1 375
940 1 341
1162 90 117
273 24 3
635 24 3
754 9 356
1162 1 289
502 1 375
1116 24 3
821 529 530
948 30 464
659 99 45
1112 1 15
814 1 3
1035 22 76
904 9 315
339 1 3
194 83 87
653 30 198
816 9 10
1030 30 20
138 13 139
459 9 310
586 19 76
239 1 5
1034 1 5
890 1 70
610 1 7
840 1 15
366 22 76
644 9 10
236 1 101
423 22 76
1119 1 7
826 13 231
185 96 175
940 30 419
1151 1 341
109 90 91
899 1 341
316 1 238
572 1 238
472 83 92
502 265 266
58 13 28
630 30 107
739 1 238
88 1 7
642 1 7
637 11 639
1080 11 40
1151 13 73
171 11 44
1144 13 139
565 96 110
1129 1 2
819 1 7
653 13 480
574 1 346
935 1 121
1028 13 103
599 30 600
444 1 15
899 13 85
1133 24 3
138 83 84
1057 1 7
824 30 600
1164 367 45
1045 1 7
782 487 352
1050 1 3
161 9 10
1131 90 106
826 13 14
1018 1 121
712 24 238
138 11 45
505 1 15
475 30 28
129 9 10
628 83 87
249 1 7
922 388 924
469 1 15
1013 30 905
777 96 119
398 99 229
842 1 2
983 1 101
430 11 45
130 11 34
983 1 871
504 1 7
512 1 2
983 30 20
410 24 169
576 96 542
932 9 310
1027 1 375
21 1 7
948 13 324
560 80 243
146 24 3
699 1 15
612 1 341
966 1 2
505 22 76
841 1 289
931 1 169
641 30 464
664 96 119
331 13 139
909 24 3
113 11 51
372 13 103
916 30 901
392 1 5
833 22 76
666 11 306
93 13 94
592 367 51
194 1 15
1089 24 3
881 13 59
523 1 2
882 30 464
775 1 15
398 1 121
230 1 70
1000 1 238
418 22 419
495 24 3
772 1 286
609 1 3
66 13 64
386 1 2
922 99 36
433 30 40
808 13 163
643 11 12
977 1 15
112 1 3
989 1 7
649 30 352
747 24 3
1006 96 531
568 11 37
56 1 15
557 1 3
500 13 85
649 30 118
882 1 341
605 11 45
557 83 84
612 13 73
116 90 106
943 22 76
137 13 14
770 1 238
559 265 266
648 11 147
665 1 3
973 1 121
502 1 235
604 24 169
783 1 15
281 1 7
532 24 3
520 80 243
602 9 10
791 285 40
316 24 238
974 24 3
900 1 15
621 13 27
878 1 3
155 1 5
416 1 7
767 13 14
857 30 436
565 90 115
1076 22 76
358 13 145
748 83 84
954 11 45
917 1 7
892 24 238
8 1 15
857 24 70
109 9 10
648 24 3
791 1 390
849 1 7
1144 24 3
1014 24 169
663 1 2
397 1 5
320 1 7
150 9 10
939 1 7
556 22 76
956 1 7
884 1 570
1124 13 64
778 1 7
796 797 674
321 9 10
150 96 87
254 255 256
611 1 7
1159 1 375
889 13 85
136 1 3
637 83 87
514 13 14
429 13 27
350 1 341
856 24 238
478 1 5
627 1 5
1144 13 103
569 1 121
498 1 3
893 1 471
720 1 238
630 13 73
1087 1 15
32 33 29
1100 1 15
158 1 15
954 30 198
410 1 101
505 1 7
402 1 7
890 30 420
430 13 85
442 1 5
981 30 435
514 1 5
652 30 37
402 13 28
407 22 76
63 1 5
297 1 121
413 1 2
1026 1 289
981 90 110
409 13 14
416 1 3
151 24 3
82 22 76
791 90 661
1075 90 117
217 13 139
663 30 40
484 1 5
578 1 375
185 9 10
1021 11 306
535 1 7
79 80 81
1128 1 15
948 1 3
559 1 390
802 1 3
105 9 10
882 13 198
463 1 3
981 30 464
432 1 5
358 24 3
561 285 563
162 13 163
1080 96 91
775 13 199
844 11 45
748 90 87
534 265 266
808 13 28
800 1 5
1030 90 582
1113 1 287
26 22 20
778 30 28
297 1 235
603 13 59
469 367 49
711 329 403
765 1 390
857 1 2
489 1 3
973 1 235
761 11 37
478 24 3
623 83 92
623 30 600
1141 24 346
671 11 46
399 9 10
898 11 45
348 13 163
425 96 134
65 13 27
1040 24 3
395 13 118
540 30 464
1053 13 69
113 90 106
995 1 15
1013 1 3
105 11 37
610 22 76
974 83 87
940 11 51
318 22 319
1037 11 40
156 90 91
975 1 15
585 383 499
977 1 101
459 1 169
82 13 85
146 22 76
332 333 334
267 1 247
537 1 7
484 30 464
745 300 197
800 311 784
635 13 118
849 1 341
612 11 45
772 1 471
620 13 27
632 13 480
848 1 341
620 96 134
1117 1 2
712 1 5
976 13 28
1172 1 2
549 388 327
796 30 50
796 13 103
1047 96 110
618 30 419
1108 1 7
125 11 50
913 1 341
637 90 148
637 30 600
581 11 29
484 96 119
1156 99 147
498 383 499
1011 1 391
827 1 15
541 90 531
455 13 381
1035 13 59
178 13 73
8 1 7
457 1 7
1112 96 117
827 30 464
482 1 15
585 24 3
872 1 15
1173 9 10
379 13 385
623 1 3
526 1 391
481 11 357
581 9 10
748 1 2
857 1 3
425 1 2
802 24 70
195 24 3
651 11 45
629 30 420
132 11 50
943 1 341
350 13 351
954 13 197
1087 90 154
806 13 94
491 1 286
478 9 10
71 13 73
914 9 10
654 1 3
172 83 87
1011 96 543
612 1 15
335 13 73
933 13 181
1038 24 287
694 1 238
1002 1 5
273 1 7
1020 99 45
1098 1 3
1075 90 115
909 13 14
475 13 28
710 300 197
444 1 7
1074 1 7
1159 96 542
402 1 3
305 1 235
821 1 121
1143 22 76
516 1 15
1075 83 92
1131 22 601
1098 24 3
1038 1 287
772 90 577
1098 1 7
406 19 76
748 90 84
936 24 169
828 311 76
133 83 92
748 24 70
787 24 3
497 367 147
719 24 238
899 797 674
798 1 70
778 1 341
1117 13 1118
995 13 67
239 1 15
908 1 2
785 1 5
1098 1 5
322 30 118
568 1 2
1122 96 110
196 24 3
445 9 10
1162 90 87
816 1 3
754 1 7
581 90 91
904 11 45
749 1 121
860 83 87
379 11 380
153 90 115
603 13 118
557 96 119
841 13 28
559 1 375
133 90 117
1007 83 92
179 90 180
379 1 2
1088 1 70
1076 13 64
538 1 3
990 13 340
138 90 119
445 1 15
1151 13 14
683 24 3
146 9 10
867 24 238
993 1 15
52 1 5
824 83 92
559 1 235
629 30 464
1129 1 70
395 1 2
477 13 14
765 1 121
418 30 28
208 1 2
659 1 570
125 24 3
752 24 3
150 13 69
404 1 391
379 1 341
335 13 27
808 13 59
538 1 371
1024 13 67
765 96 543
186 1 5
688 1 3
185 1 15
102 13 103
1097 1 2
939 13 458
993 1 5
533 11 34
291 1 247
852 1 3
445 1 2
203 1 7
776 1 346
559 99 45
476 1 15
123 22 124
808 1 341
463 1 101
423 1 3
451 90 91
1030 90 91
350 13 352
1089 83 92
948 24 3
754 83 87
408 1 2
771 1 235
1013 30 756
149 1 3
1138 11 45
32 33 37
350 13 353
939 1 2
703 1 2
150 11 45
766 1 3
358 30 28
525 13 94
1073 96 92
599 30 199
838 1 15
230 24 3
721 487 722
802 1 7
507 1 390
153 13 69
125 96 119
954 24 3
626 9 10
1096 1 2
1119 11 40
890 1 7
860 13 28
981 90 148
126 24 3
672 1 2
785 13 64
489 22 76
579 1 7
702 487 40
620 13 118
831 13 69
754 13 59
551 1 7
565 90 106
1063 13 85
411 24 3
538 9 10
1108 1 885
455 11 357
983 24 70
1093 13 28
581 90 117
273 13 139
399 1 341
196 11 40
1009 11 1010
894 1 3
138 90 91
632 13 198
1132 1 15
765 1 286
1146 1 5
1075 90 91
1025 13 108
189 83 92
347 1 5
808 22 680
857 22 72
1153 13 28
984 986 491
1053 1 5
768 11 49
379 30 36
808 13 139
523 1 346
455 22 76
253 1 247
365 9 356
1141 1 15
372 22 76
984 1 375
799 1 101
602 30 362
748 30 420
1162 9 356
640 1 15
771 1 391
565 1 15
1019 1 5
1018 1 391
1092 487 45
628 30 124
407 1 2
786 1 5
664 83 84
1093 90 119
454 13 118
603 1 5
922 529 813
482 1 3
429 24 3
413 24 3
1125 1 5
807 1 7
1045 1 341
827 11 45
791 99 40
569 1 508
299 24 238
441 1 382
528 1 391
555 1 238
890 22 76
968 11 12
782 1 5
581 1 7
395 1 7
482 1 2
374 1 375
659 1 660
503 1 7
945 13 946
940 30 436
551 1 2
681 90 115
430 1 15
656 13 181
739 1 2
832 19 76
1151 1 2
1093 1 5
393 311 76
1099 22 76
1121 1 3
904 1 371
56 1 57
650 30 340
433 13 118
299 19 76
1013 1 382
1096 9 10
1130 9 10
938 361 14
592 1 2
897 1 341
884 1 886
943 30 118
632 9 10
673 282 674
493 1 7
569 1 375
507 1 7
890 13 28
438 96 119
1070 96 119
58 13 59
782 300 301
112 83 87
374 265 266
395 90 134
916 1 341
990 30 600
1131 13 14
8 1 2
614 13 64
882 30 198
178 9 10
548 1 15
754 30 336
544 1 5
489 13 14
465 1 3
490 1 382
1070 83 92
953 1 15
427 13 85
753 1 7
128 90 92
184 11 51
137 96 110
1172 1 15
416 13 85
641 24 3
806 13 28
475 22 76
1162 1 2
648 1 7
500 1 15
627 1 15
981 797 327
857 859 701
1173 1 7
1170 30 636
1087 22 419
659 90 543
1058 83 87
546 1 382
890 30 891
1002 83 92
995 22 76
900 13 59
432 1 346
407 13 28
743 1 238
642 1 2
603 22 76
1023 11 45
618 13 27
451 1 5
737 1 5
146 90 148
690 1 169
1032 1 15
1120 529 813
742 1 2
459 1 5
268 1 15
413 1 3
1028 1 5
1075 13 64
60 13 27
916 1 15
146 1 5
528 1 7
671 1 2
938 1 2
128 90 87
427 83 87
413 30 362
538 13 163
1021 22 978
820 80 81
595 13 28
763 300 301
166 1 7
1099 13 28
637 83 84
748 90 110
1131 13 197
171 1 2
178 1 2
97 24 3
466 1 375
415 22 76
917 24 3
1076 83 87
1055 1 2
1089 1 2
800 311 76
845 1 7
631 9 10
502 1 390
1030 11 37
983 1 3
984 90 543
78 1 3
1038 96 531
648 30 14
922 1 235
890 1 341
395 83 84
585 30 14
752 13 118
112 96 110
795 1 15
620 24 3
1041 1 15
156 11 38
89 1 7
379 83 87
1119 30 118
1093 1 289
1089 22 76
278 54 55
486 487 49
344 1 15
1071 1 2
677 11 45
977 13 118
931 311 76
599 24 70
611 13 28
337 1 15
1117 30 464
1099 1 2
960 367 50
66 1 2
830 1 101
648 13 14
672 9 10
195 1 7
771 1 7
261 1 5
627 22 232
771 90 542
444 96 119
889 1 341
1091 90 110
1087 9 10
1083 24 169
627 30 232
834 1 835
903 1 15
293 1 286
1138 1 2
829 9 10
981 90 154
512 9 310
123 1 7
643 1 7
183 11 147
908 1 5
676 24 3
354 13 28
659 90 542
656 1 3
876 1 15
433 1 3
624 1 2
904 1 341
796 24 3
1095 13 73
909 1 7
824 1 101
777 9 10
641 1 5
625 30 352
395 90 110
478 1 3
819 1 15
432 1 15
446 300 340
775 11 40
922 1 887
1064 1 15
201 24 3
783 1 2
534 99 37
196 83 87
748 90 582
280 1 2
1030 1 15
890 1 382
758 1 7
829 11 36
1071 96 175
1047 1 5
854 529 822
1093 90 134
109 24 3
663 83 87
1076 83 92
653 13 118
916 22 76
1004 11 45
712 487 488
598 1 3
842 9 10
990 22 473
681 1 5
1144 11 45
647 30 464
788 1 7
372 1 341
569 1 391
711 1 121
913 9 10
623 30 199
368 11 370
632 30 436
760 1 7
596 19 76
765 265 266
1045 13 28
580 311 76
1020 1 289
862 13 14
429 1 341
93 90 91
406 300 197
938 9 310
586 300 197
153 1 3
898 9 10
616 22 76
322 24 3
969 1 3
1024 367 49
475 1 2
629 1 5
793 90 91
438 1 5
478 22 76
1166 24 3
663 1 3
1074 1 2
851 1 7
821 1 508
588 1 5
981 83 87
772 1 391
617 13 14
75 1 7
93 1 2
712 1 238
849 24 3
1113 1 390
339 1 341
1065 957 327
817 30 600
489 9 10
516 22 72
580 1 15
433 30 420
1126 13 64
820 255 260
860 9 10
402 11 45
1052 265 266
516 30 85
598 11 45
771 265 266
395 90 91
983 9 356
1125 1 3
174 90 84
865 1 7
630 1 15
1096 1 3
1119 30 40
841 1 3
1147 1 121
841 30 28
647 1 7
911 13 14
683 1 5
540 1 2
129 1 7
23 1 7
149 83 92
1091 9 10
540 13 28
882 13 28
368 24 371
1038 96 543
573 11 51
1137 24 3
649 1 5
429 13 139
659 90 577
890 1 5
890 1 3
621 96 134
1108 529 822
409 24 169
900 24 3
884 1 391
814 24 3
455 30 357
775 1 289
202 1 15
112 22 76
1136 22 1072
966 1 15
533 24 3
945 30 28
820 24 247
1164 1 101
889 1 382
634 1 5
1044 1 57
338 24 238
482 13 118
993 30 756
635 1 7
482 22 76
649 13 352
1151 9 10
1161 1 2
556 11 37
802 1 382
821 99 49
938 1 5
105 83 92
849 11 50
1029 1 5
475 1 341
1143 24 3
931 9 310
832 1 238
860 24 3
849 13 850
764 1 7
729 1 2
32 33 44
372 13 139
1039 1 15
1037 22 601
977 1 3
160 1 2
911 30 14
614 1 5
1101 1 3
806 9 10
433 11 40
350 1 15
74 1 2
847 1 471
916 30 905
916 9 10
631 30 118
404 1 390
1110 13 28
32 33 35
793 383 384
26 1 2
500 9 10
821 1 235
1034 1 3
444 96 110
1156 1 391
853 30 108
479 1 3
965 1 169
679 13 28
933 1 15
4 1 5
1093 22 76
1020 1 375
623 1 15
123 83 92
500 13 145
137 1 3
581 90 106
1108 1 390
700 1 7
572 300 301
801 1 2
794 24 3
913 24 3
882 1 3
484 24 3
1117 11 35
1086 1 57
1119 13 435
313 1 7
565 90 117
1170 1 3
230 22 232
1127 9 10
1153 22 76
642 1 5
1168 24 3
679 1 70
1038 96 661
439 1 15
372 13 59
922 1 570
516 22 76
293 1 235
904 13 73
127 1 3
184 1 15
1146 1 15
566 1 7
655 1 2
754 1 2
430 1 5
267 1 7
425 1 3
273 1 2
1074 1 15
576 99 229
583 1 2
780 1 5
948 30 600
602 1 15
848 1 2
595 13 458
1030 90 115
772 99 45
911 22 76
617 1 70
138 24 3
984 1 985
1162 90 106
900 30 901
433 83 84
146 1 2
60 1 3
1016 13 163
507 24 508
993 1 382
1141 1 57
730 24 238
1078 1 7
144 83 92
862 11 40
616 11 36
1030 30 420
1145 13 28
681 9 10
404 99 45
484 1 70
995 1 3
1135 1 3
263 1 15
307 1 7
824 1 15
565 96 134
762 1 5
1057 83 84
143 1 7
398 1 391
186 96 110
960 361 28
599 1 5
1007 1 70
984 90 577
663 83 92
516 9 356
178 1 3
817 1 101
696 487 340
1071 1 7
155 24 3
335 13 199
931 1 2
1056 1 2
446 1 238
1069 13 73
821 96 542
733 1 15
656 13 69
611 13 64
573 9 10
646 13 28
691 30 20
977 9 10
1167 1 3
624 24 3
472 9 356
694 1 5
984 1 390
566 83 92
1023 1 2
546 13 547
328 1 7
1121 1 371
974 13 118
599 90 175
141 1 3
626 1 3
209 1 7
483 1 303
1137 13 435
1093 90 110
114 13 64
1140 9 10
274 1 5
459 22 76
618 1 5
799 361 59
954 13 198
1108 96 542
632 1 5
884 90 577
1026 1 235
1028 11 147
429 30 420
691 1 70
1106 24 235
862 83 87
999 13 118
129 24 3
417 24 169
1091 1 15
893 1 287
423 13 28
1070 24 3
116 90 115
1122 96 1123
500 1 3
597 1 15
418 1 2
637 30 464
339 30 118
983 1 70
961 11 964
93 1 7
1128 13 69
765 90 577
455 30 420
463 1 7
1153 1 2
618 22 419
454 11 40
335 13 145
179 11 45
1009 1 3
93 9 10
817 30 420
1156 529 822
305 1 121
445 1 341
647 1 341
767 1 314
618 9 10
678 1 7
423 1 15
498 1 15
309 1 5
884 1 375
629 30 37
339 13 340
1128 90 91
794 11 50
153 96 119
1027 96 661
576 90 577
524 1 70
869 1 2
237 1 5
75 22 76
418 83 84
834 90 577
791 529 530
416 11 36
655 30 118
185 1 2
472 11 474
399 1 15
889 1 3
622 1 5
515 1 371
1130 1 15
484 83 84
816 11 12
1117 30 436
1130 83 84
1052 1 7
1007 30 420
1090 22 76
1153 9 10
402 11 37
186 83 92
1113 1 375
32 33 51
611 13 163
922 99 49
1062 9 10
579 1 3
1143 1 5
618 24 3
981 1 3
653 30 480
889 1 2
126 83 87
831 30 403
948 949 950
619 30 20
316 19 76
708 11 45
853 22 20
649 13 118
854 529 813
628 1 2
836 1 7
280 24 213
643 83 84
1025 11 49
1022 13 28
540 1 5
26 24 3
1045 22 124
299 1 238
1022 1 5
135 13 69
863 1 169
1128 1 858
913 30 362
97 90 91
904 13 636
841 1 7
170 1 15
678 13 69
174 1 2
189 90 91
606 1 7
88 1 2
796 9 10
655 13 118
150 1 7
735 1 7
335 13 139
833 13 28
1063 90 106
690 30 473
417 9 310
699 1 5
274 255 243
817 13 28
671 1 3
279 1 2
1023 9 10
782 300 85
785 1 314
769 300 301
575 1 5
354 1 101
514 1 7
125 1 2
671 1 5
663 13 28
598 24 3
920 1 5
556 1 101
481 1 5
1076 1 3
581 90 110
184 90 91
100 1 101
456 1 15
998 1 121
1113 90 577
374 1 7
1095 1 371
32 33 38
1033 1 375
1095 9 10
152 1 3
1014 361 198
698 300 340
1113 1 391
395 90 154
860 11 45
618 11 51
882 22 76
1038 90 577
1007 90 87
702 1 238
993 9 315
1091 24 3
172 24 3
502 1 287
631 30 198
540 11 45
105 13 107
58 1 7
881 1 7
1014 1 169
427 13 340
1002 1 15
1033 90 577
194 1 5
671 30 46
372 13 373
288 99 12
116 83 92
798 300 301
916 13 197
1122 1 7
339 1 7
882 803 804
1127 1 2
1006 96 542
1140 24 3
857 30 36
913 1 3
195 1 5
650 1 7
1045 13 59
890 83 92
409 11 45
537 11 50
170 83 92
613 9 10
254 1 7
1002 1 858
844 1 341
616 13 28
884 1 550
1071 24 3
569 1 570
394 1 15
429 30 336
1009 13 103
870 1 5
635 13 636
350 24 3
777 13 14
663 9 10
605 24 3
729 24 238
1076 1 7
1025 1 7
532 9 10
1020 1 235
625 1 7
634 1 341
302 1 303
599 30 601
821 96 543
765 1 391
249 54 55
995 1 5
1009 22 232
673 265 266
843 1 7
528 529 530
637 30 118
940 30 85
1095 13 547
140 9 10
631 1 7
667 361 69
176 9 10
1162 1 751
748 22 558
128 9 10
808 30 436
455 1 341
847 1 375
1172 361 198
284 1 7
16 1 5
395 24 396
130 22 131
670 24 169
1014 361 103
800 367 12
280 80 243
613 13 28
1173 1 15
860 30 85
339 11 37
410 22 76
808 30 118
417 311 76
486 487 488
785 1 7
1108 265 266
505 1 5
890 383 499
126 83 84
977 13 198
713 300 301
899 1 7
592 367 45
583 13 197
1115 1 7
440 9 10
823 1 3
297 265 266
1009 1 7
512 361 197
32 33 40
32 33 50
981 1 7
767 13 108
847 265 266
212 24 213
194 90 91
427 11 428
748 83 87
8 9 10
1075 90 154
984 1 570
1030 90 110
1004 1 3
785 9 315
507 1 235
135 1 2
556 1 15
397 300 385
1079 13 69
1135 1 5
500 22 76
461 83 87
60 1 5
1014 1 2
945 1 341
593 1 7
1034 1 15
993 90 106
114 1 15
612 13 353
155 1 2
623 30 336
484 1 7
1100 9 10
821 96 531
222 11 45
78 24 3
806 1 3
612 9 10
989 300 59
1116 13 28
461 1 15
791 1 391
981 83 92
1162 90 92
335 1 15
749 265 266
772 96 542
1001 1 15
534 1 235
502 1 7
366 1 169
116 90 117
954 11 49
617 1 15
990 30 436
716 1 5
814 13 69
602 1 5
654 9 10
442 361 443
645 13 59
646 1 3
919 1 5
623 22 336
561 1 235
551 1 15
631 11 50
791 1 7
649 11 45
686 13 381
930 1 169
394 1 5
816 83 84
983 13 28
831 24 3
645 30 198
335 11 40
1022 11 40
413 1 382
749 1 7
89 13 14
974 9 10
754 1 3
568 30 20
602 1 3
576 265 266
595 1 7
1156 1 570
137 83 84
655 30 352
972 1 5
448 285 327
995 803 997
1033 1 391
433 13 27
800 1 15
501 1 70
226 22 76
133 83 84
943 11 45
551 1 5
682 1 2
1080 96 119
379 1 382
1119 83 84
516 1 341
457 22 76
1035 24 3
893 1 390
778 13 27
648 1 3
671 1 15
854 1 508
629 1 15
748 11 40
322 13 139
947 1 15
479 1 5
977 1 341
1128 1 7
538 1 341
566 1 5
374 99 12
1007 1 2
793 1 3
195 1 3
934 367 45
120 1 121
26 1 3
1111 1 3
652 1 15
1128 90 154
857 13 385
644 13 28
345 300 301
221 1 2
971 9 10
1076 24 3
470 265 266
1145 24 3
696 300 352
595 1 341
424 83 92
796 1 2
127 96 110
98 99 49
1158 83 92
511 24 346
860 83 92
619 1 7
829 24 3
860 11 380
884 1 235
849 1 5
525 22 94
857 1 858
144 1 3
116 1 7
379 1 3
404 285 405
1170 22 76
151 13 103
681 1 3
1009 30 198
995 1 7
1030 1 5
1119 30 436
694 300 301
825 300 85
640 9 10
1119 1 3
642 13 85
431 1 57
692 24 3
791 1 375
335 1 3
912 1 2
628 30 600
977 30 357
150 96 84
617 1 5
849 1 15
1100 24 3
890 83 87
671 30 420
754 13 14
395 90 115
462 9 356
233 1 121
335 9 10
502 1 121
1119 22 336
824 11 12
418 1 101
1050 1 5
1129 1 15
581 90 582
1108 1 375
899 30 351
4 1 2
532 13 28
444 1 5
564 361 28
681 90 175
605 1 2
647 383 499
876 1 3
808 30 600
646 1 2
501 96 119
1067 96 864
1022 83 87
122 24 3
939 13 69
1052 1 835
136 13 69
632 30 306
798 1 15
973 529 530
1014 361 1015
402 1 101
335 1 7
492 1 346
438 83 84
78 13 69
912 1 15
703 487 704
395 13 28
520 1 5
853 1 7
882 13 108
1159 96 543
526 99 40
387 1 390
826 1 2
567 1 341
507 285 509
819 11 45
940 1 15
643 30 37
853 24 70
637 90 154
479 30 436
114 13 14
645 13 118
288 1 289
1128 1 3
1171 9 10
1156 1 390
614 1 70
623 13 27
666 1 15
170 11 51
528 1 390
284 1 286
641 1 3
322 9 10
534 1 121
643 30 420
681 90 134
556 1 2
1033 1 390
207 9 10
409 9 310
578 1 508
112 83 84
634 13 14
987 361 28
1061 13 27
465 1 382
1153 1 341
280 1 213
811 1 169
376 377 15
866 13 837
625 11 49
418 9 10
448 1 449
1162 11 474
687 1 7
1075 90 106
824 30 420
647 22 76
105 13 108
968 1 5
643 22 20
293 285 294
556 30 107
126 1 15
1130 83 87
671 24 3
716 300 352
1137 1 5
189 9 10
881 1 382
1128 1 5
681 90 106
379 1 101
772 1 375
666 1 2
281 282 283
904 22 76
196 13 197
953 24 3
1087 90 117
624 9 10
32 33 36
948 9 10
132 1 5
621 83 87
426 9 310
651 13 28
597 1 2
847 1 390
651 13 118
477 1 7
1061 1 5
194 96 175
1117 1 3
831 1 3
914 13 59
806 1 371
614 11 45
1173 11 45
686 1 2
576 1 235
1030 90 148
672 1 15
153 22 20
32 33 48
505 90 84
1135 13 198
89 1 5
772 1 121
766 13 14
239 13 240
571 1 5
277 1 7
1007 30 1008
539 1 15
833 1 7
526 1 286
841 1 15
998 96 661
200 1 15
1161 11 45
360 361 362
1025 13 67
1156 24 508
849 22 76
998 1 391
943 1 5
479 11 357
1009 13 139
122 9 10
288 1 121
156 13 64
641 1 7
1121 1 382
486 1 2
484 1 341
440 13 14
527 13 94
948 30 436
821 1 471
827 1 7
870 13 64
855 1 169
204 11 36
335 13 118
1145 83 84
1158 24 3
546 1 5
113 1 5
146 1 7
662 19 76
470 1 471
116 1 5
144 1 2
281 1 5
649 1 3
981 9 10
354 11 357
748 1 7
517 1 247
450 1 5
974 1 15
1056 96 134
654 1 2
1063 9 10
274 24 213
832 1 15
1131 1 3
831 30 420
223 1 15
1058 9 10
105 13 28
673 1 296
1009 383 499
463 30 12
585 1 382
200 1 3
917 1 5
462 1 2
980 22 76
990 13 28
482 1 382
1117 30 600
1132 22 76
671 9 10
904 13 108
379 1 289
66 24 3
771 90 661
522 1 2
998 1 375
645 13 28
853 1 15
246 24 247
335 24 3
975 1 7
122 1 3
1131 83 87
1150 1 5
284 1 121
479 1 15
956 957 958
77 1 15
305 1 287
993 30 905
475 13 59
749 96 542
625 1 2
848 1 382
802 803 804
788 13 197
1153 13 139
630 1 3
127 24 3
1151 24 3
612 22 76
750 1 2
423 11 45
463 383 384
898 1 2
833 1 15
663 1 15
430 1 341
520 255 521
500 30 197
236 1 70
1113 90 661
251 1 213
1121 1 5
672 13 28
189 1 2
322 30 324
495 96 110
809 329 45
32 33 46
1049 1 7
1075 1 5
1002 13 14
800 311 20
1007 1 101
113 1 7
1058 1 5
1007 1 15
153 1 7
671 13 118
540 9 10
889 9 10
122 96 110
847 529 822
467 1 5
411 13 64
116 13 118
1018 1 7
4 1 3
909 11 45
1156 96 543
913 22 76
590 367 51
1120 99 400
544 13 163
827 1 2
622 1 2
507 265 266
579 1 2
659 1 391
1073 24 3
194 11 51
516 1 3
974 13 85
162 1 101
839 9 10
620 1 5
599 1 3
1087 90 106
1120 24 508
752 1 341
568 30 420
77 13 64
1022 83 92
413 1 15
155 83 92
284 1 235
1151 1 5
1084 1 70
489 24 3
1120 90 661
1158 83 87
378 377 7
178 22 76
437 24 169
1093 90 148
1045 9 10
629 1 2
753 1 346
379 11 36
440 13 28
583 24 3
549 1 550
423 30 14
472 1 341
1093 90 106
455 1 5
1122 96 119
1063 24 3
414 19 76
174 24 3
335 83 92
492 1 57
654 24 3
744 487 45
861 1 3
498 1 5
399 13 353
89 1 15
682 1 3
1140 13 28
459 311 76
740 487 45
518 54 55
800 367 49
466 1 235
619 30 464
990 83 92
1096 13 362
938 1 15
429 1 15
1115 1 5
931 1 7
1162 1 70
196 1 3
216 1 121
58 1 3
299 300 14
461 1 2
129 83 87
990 9 10
417 1 5
972 1 396
876 22 232
800 361 443
947 13 434
462 1 5
293 1 287
546 13 163
983 30 420
752 1 7
1013 1 101
322 1 15
1170 13 28
0 1 2
984 1 550
942 1 7
143 1 2
1087 83 84
1130 11 40
174 90 87
358 13 118
833 24 3
534 1 7
104 1 15
417 1 341
628 11 12
929 30 118
777 22 336
105 1 7
379 9 356
1139 19 76
496 1 15
980 1 2
622 13 139
824 30 436
395 13 59
567 1 15
690 367 474
468 1 2
897 22 76
540 1 371
1092 1 15
196 1 2
899 1 15
882 1 314
914 22 915
1007 30 436
777 83 84
848 1 15
824 1 341
749 1 286
528 265 266
497 24 169
271 255 272
1141 300 85
576 1 121
144 83 84
1153 13 59
1093 83 84
61 1 3
581 83 84
966 9 10
168 1 169
196 30 198
778 1 15
652 13 107
762 1 101
643 1 15
1038 1 391
298 1 70
642 9 10
358 1 3
800 24 169
137 1 2
893 1 391
806 13 118
507 1 375
585 1 5
899 22 76
413 22 76
1159 1 7
619 1 101
1076 11 45
1089 1 7
189 1 7
637 1 5
354 11 355
602 30 420
372 1 289
882 9 10
861 1 5
455 13 139
990 1 5
741 487 45
652 30 464
1062 22 76
799 311 76
1106 1 375
433 13 434
612 13 28
322 13 67
628 30 420
766 13 108
715 1 2
621 1 5
736 1 2
1117 30 420
548 255 521
629 22 20
512 367 428
619 1 341
395 90 117
800 1 169
407 13 103
1153 24 3
659 1 235
565 1 7
179 13 181
843 1 3
1013 11 45
463 24 3
516 1 70
302 1 2
501 13 28
610 1 3
599 1 2
321 1 7
984 1 391
609 1 15
495 1 289
1168 1 15
1007 11 474
941 13 362
761 24 3
366 367 45
683 1 7
943 24 3
565 83 87
439 24 238
890 1 15
378 1 2
983 30 600
906 24 314
977 30 464
817 9 10
854 99 40
429 11 40
669 1 101
132 1 2
987 1 5
273 9 10
700 487 701
618 13 28
144 11 45
418 13 28
451 1 15
598 1 7
612 383 499
1149 1 2
889 24 3
678 13 64
1135 1 341
1117 13 59
647 13 28
418 83 92
817 1 2
1091 1 5
63 13 64
581 90 154
146 83 92
754 30 756
393 1 15
581 13 28
1052 1 375
1119 13 199
1163 13 64
973 96 542
849 13 69
1076 1 2
655 13 352
666 1 7
691 1 7
402 30 403
475 1 5
644 1 7
913 11 45
761 1 15
63 1 7
309 311 76
332 1 7
1135 11 45
1151 11 45
123 1 3
1032 361 28
77 1 5
919 1 2
611 24 3
1122 96 134
540 1 15
1161 13 64
754 1 5
647 1 15
299 300 301
395 1 101
1025 22 76
507 99 45
105 83 84
637 13 28
806 22 76
331 1 15
1087 96 110
980 11 45
1091 1 2
71 13 28
623 1 7
475 90 91
1075 22 20
97 9 10
595 30 28
1017 361 1015
817 1 7
993 1 314
772 1 390
152 83 87
821 1 287
1166 22 76
1022 13 27
71 11 36
345 1 346
749 99 45
451 13 340
1056 9 10
945 1 371
1029 1 7
133 90 115
765 1 7
451 22 76
914 13 118
1001 13 14
865 13 14
593 11 45
612 1 2
137 13 73
895 1 5
559 1 121
652 22 20
890 83 84
585 13 14
1041 24 3
433 13 199
211 1 7
149 90 84
691 1 15
993 11 50
860 1 3
501 1 2
1075 83 87
629 11 37
827 1 3
754 11 40
527 13 64
1119 1 341
1074 83 87
681 90 148
775 13 27
1167 13 64
161 24 3
501 83 92
922 1 375
576 1 390
993 1 341
410 1 15
71 22 72
1043 1 7
541 90 543
149 1 7
484 83 87
984 90 661
695 1 238
185 1 5
565 90 91
585 1 341
172 11 173
1151 30 14
983 30 37
399 13 73
1025 1 3
172 1 2
157 1 5
847 96 531
1037 1 15
802 1 341
614 9 356
752 22 124
637 1 3
629 9 10
1143 1 7
663 30 436
947 1 7
817 1 5
1068 24 70
1128 83 84
144 1 15
873 22 232
501 96 110
1141 1 2
618 1 341
113 24 3
844 1 5
565 83 92
821 1 375
983 30 436
456 13 353
463 83 92
980 1 341
754 83 84
671 30 436
854 1 121
95 1 2
438 1 7
451 1 101
877 22 232
93 11 12
1113 1 7
425 1 5
493 22 94
555 1 57
463 13 28
132 1 7
153 9 10
613 22 76
819 1 3
146 13 64
681 24 3
853 1 2
984 24 886
771 1 287
1079 1 5
485 300 301
372 1 5
116 90 119
1128 90 117
71 24 3
655 1 15
534 1 289
719 300 85
752 1 2
264 1 235
981 24 3
452 1 101
620 1 3
459 1 7
599 90 91
795 329 45
652 30 436
903 1 2
930 367 51
566 9 10
130 24 3
1093 90 117
1020 96 531
914 1 5
524 11 40
1004 30 1005
775 1 2
476 1 3
772 1 287
898 24 3
625 30 340
631 13 118
532 1 15
909 13 94
976 22 76
544 22 94
611 1 5
1105 1 7
589 9 310
478 1 7
631 13 85
959 11 380
1074 22 76
632 24 3
870 1 871
170 90 115
983 1 7
929 9 310
1009 22 76
71 1 15
746 11 400
1048 1 5
919 24 3
142 1 5
1011 99 37
1004 1 5
1107 255 256
230 1 7
673 90 180
698 19 76
648 13 28
847 529 813
137 22 76
387 388 389
731 24 238
795 1 303
977 30 373
455 30 436
569 1 390
646 1 5
417 1 101
123 11 12
520 1 15
466 265 266
479 30 357
613 11 45
463 83 84
821 1 391
557 9 10
847 96 542
469 13 14
635 1 289
990 1 341
954 13 145
875 1 15
1142 22 76
791 90 577
358 1 7
578 99 45
1121 24 3
586 1 70
788 11 789
671 83 92
507 1 121
317 1 2
847 1 121
857 30 756
342 54 55
528 99 48
1032 24 169
395 83 92
424 24 3
441 1 15
984 1 235
350 1 3
1030 83 84
911 11 45
16 11 17
890 11 37
884 1 885
427 1 5
620 96 110
358 1 341
1106 1 235
884 1 287
1142 1 3
817 24 3
995 24 3
616 22 369
365 1 7
174 1 7
659 1 121
53 54 55
478 1 121
404 265 266
1023 1 341
89 90 91
791 1 286
846 1 169
607 361 108
176 11 45
414 24 238
1095 11 50
834 1 289
844 1 15
551 1 552
418 1 341
752 13 722
831 22 20
584 1 15
74 24 3
669 1 2
1037 1 7
1151 1 101
1027 96 542
1149 1 7
1162 90 134
430 1 2
581 1 5
930 1 7
343 1 238
116 83 87
1102 13 64
189 11 51
853 13 197
724 1 57
1018 1 235
857 30 600
1035 1 7
827 24 3
718 1 7
853 13 181
993 30 901
1091 90 119
898 1 5
413 9 10
105 1 3
1090 13 28
484 30 436
1155 1 5
1093 90 154
772 529 530
557 83 92
989 19 76
981 90 134
860 11 46
1070 83 84
1162 24 70
645 1 3
846 1 15
629 13 28
781 99 45
690 1 15
1128 83 92
625 24 3
178 24 3
705 1 238
827 13 28
1151 13 994
133 11 49
853 1 371
174 90 115
652 24 3
1058 1 3
442 367 50
1014 367 45
623 30 40
1024 13 64
444 9 10
618 30 464
976 1 5
227 24 3
451 13 353
990 30 464
230 1 15
32 33 47
750 1 751
245 80 81
786 311 76
8 11 12
630 24 3
86 1 3
155 96 110
990 1 289
954 1 5
941 24 3
999 13 73
819 311 76
898 22 76
799 361 28
402 9 10
650 11 49
1132 9 10
224 1 5
475 1 7
387 1 286
643 1 371
1122 9 10
893 1 235
998 90 577
399 11 400
1021 83 92
267 1 213
576 1 391
462 83 92
1013 1 7
1122 83 87
1120 1 375
833 30 464
1081 1 5
884 1 835
995 1 341
817 83 84
920 1 2
1162 13 28
668 9 10
945 1 2
111 1 5
366 1 15
980 13 64
293 1 296
748 30 199
593 1 2
170 1 7
505 83 92
332 1 303
453 1 2
1162 1 15
1030 1 2
418 13 381
1162 1 3
226 1 2
848 9 10
540 1 101
980 24 3
482 9 356
540 367 45
1127 1 7
762 1 15
1131 24 70
576 1 7
567 1 3
778 11 779
525 11 45
627 1 7
128 90 84
1091 90 117
541 1 7
425 96 91
1038 1 390
691 1 5
627 1 341
454 1 5
1018 1 287
815 11 37
1169 22 72
114 90 110
965 24 169
541 90 542
544 1 7
1047 83 84
882 30 362
264 1 7
465 24 3
1007 90 84
842 11 45
114 1 5
325 1 7
462 11 40
884 1 887
1021 83 87
363 1 70
455 1 15
811 9 310
626 22 76
1119 30 420
174 13 67
476 1 7
775 1 7
1016 13 28
688 11 689
765 1 375
834 1 570
849 11 37
1045 24 3
626 1 15
616 13 14
205 9 10
1013 1 5
259 255 260
379 1 70
478 13 118
942 1 5
526 1 508
956 1 2
1127 22 76
808 1 101
808 30 420
557 30 558
993 13 14
1122 83 92
505 1 3
1030 9 10
305 99 306
999 22 72
578 24 508
546 22 76
342 24 70
783 22 784
379 22 76
230 1 2
146 83 87
802 11 45
1023 1 15
32 33 41
68 13 69
834 90 542
482 11 45
32 33 43
922 1 391
1095 1 7
1009 13 28
1120 96 543
809 810 45
